# unix_time, cycles_done, cur_path, paths_total, pending_total, pending_favs, map_size, unique_crashes, unique_hangs, max_depth, execs_per_sec
1563183103, 0, 0, 2, 2, 1, 1.91%, 0, 0, 1, 727.27
1563183108, 0, 1, 12, 12, 1, 1.94%, 0, 0, 2, 1112.71
1563183164, 0, 1, 18, 18, 1, 1.95%, 0, 0, 2, 1127.46
1563183224, 0, 1, 19, 19, 1, 1.95%, 0, 0, 2, 1056.99
1563183290, 0, 1, 20, 20, 1, 1.96%, 0, 0, 2, 1190.51
1563183300, 0, 1, 25, 25, 1, 1.96%, 0, 0, 2, 1141.64
1563183306, 0, 1, 26, 26, 1, 1.96%, 0, 0, 2, 1159.64
1563183326, 0, 6, 69, 68, 30, 2.10%, 0, 0, 2, 1147.91
1563183519, 0, 7, 76, 74, 30, 2.11%, 0, 0, 2, 1183.51
1563183718, 0, 9, 81, 78, 31, 2.11%, 0, 0, 2, 1136.06
1563183913, 0, 11, 86, 82, 30, 2.11%, 0, 0, 2, 1157.57
1563184239, 0, 17, 96, 91, 33, 2.15%, 0, 0, 2, 714.98
1563184545, 0, 21, 103, 97, 31, 2.15%, 0, 0, 2, 1293.86
1563184560, 0, 26, 103, 96, 30, 2.15%, 0, 0, 2, 1233.08
1563184576, 0, 29, 103, 95, 29, 2.15%, 0, 0, 2, 1193.49
1563184601, 0, 30, 103, 94, 28, 2.15%, 0, 0, 2, 1239.31
1563184769, 0, 32, 106, 96, 28, 2.15%, 0, 0, 2, 1188.70
1563184789, 0, 34, 106, 95, 27, 2.15%, 0, 0, 2, 1154.15
1563185256, 0, 34, 107, 96, 27, 2.15%, 0, 0, 2, 1089.00
1563186267, 0, 34, 109, 98, 27, 2.15%, 0, 0, 2, 1037.87
1563186292, 0, 35, 117, 105, 29, 2.16%, 0, 0, 2, 1139.17
1563186307, 0, 38, 117, 104, 28, 2.16%, 0, 0, 2, 1213.06
1563186328, 0, 41, 117, 103, 27, 2.16%, 0, 0, 2, 1089.34
1563186348, 0, 45, 117, 102, 26, 2.16%, 0, 0, 2, 1478.75
1563186358, 0, 51, 117, 101, 25, 2.16%, 0, 0, 2, 1148.89
1563186374, 0, 52, 117, 100, 24, 2.16%, 0, 0, 2, 1081.92
1563186389, 0, 53, 117, 99, 23, 2.16%, 0, 0, 2, 1185.09
1563186414, 0, 54, 117, 98, 22, 2.16%, 0, 0, 2, 1115.56
1563186434, 0, 55, 117, 97, 21, 2.16%, 0, 0, 2, 1121.11
1563186454, 0, 56, 118, 97, 21, 2.16%, 0, 0, 2, 1150.00
1563186470, 0, 57, 118, 96, 20, 2.16%, 0, 0, 2, 1441.25
1563186480, 0, 59, 118, 95, 19, 2.16%, 0, 0, 2, 1482.78
1563186500, 0, 60, 120, 96, 19, 2.16%, 0, 0, 2, 1207.09
1563186520, 0, 62, 120, 95, 18, 2.16%, 0, 0, 2, 1122.46
1563186541, 0, 63, 120, 94, 17, 2.16%, 0, 0, 2, 1073.50
1563186561, 0, 68, 120, 92, 15, 2.16%, 0, 0, 2, 1179.04
1563186587, 0, 69, 125, 96, 17, 2.20%, 0, 0, 2, 1264.82
1563186607, 0, 70, 125, 95, 16, 2.20%, 0, 0, 2, 1189.66
1563186627, 0, 72, 125, 94, 15, 2.20%, 0, 0, 2, 1249.04
1563186642, 0, 77, 125, 93, 14, 2.20%, 0, 0, 2, 1269.81
1563186668, 0, 78, 126, 93, 13, 2.20%, 0, 0, 2, 1207.67
1563186693, 0, 92, 126, 92, 12, 2.20%, 0, 0, 2, 1079.38
1563187422, 0, 92, 128, 94, 12, 2.20%, 0, 0, 2, 1033.81
1563189059, 0, 96, 167, 132, 22, 2.29%, 0, 0, 2, 1074.52
1563189794, 0, 96, 168, 133, 22, 2.29%, 0, 0, 2, 876.95
1563191454, 0, 96, 168, 133, 22, 2.29%, 1, 0, 2, 995.54
1563191479, 0, 96, 169, 134, 22, 2.29%, 1, 0, 2, 969.01
1563191565, 0, 96, 169, 134, 22, 2.29%, 2, 0, 2, 927.28
1563191616, 0, 96, 172, 137, 22, 2.29%, 2, 0, 2, 997.39
1563191631, 0, 96, 172, 137, 22, 2.29%, 4, 0, 2, 959.73
1563191636, 0, 96, 172, 137, 22, 2.29%, 5, 0, 2, 955.75
1563191656, 0, 99, 195, 159, 26, 2.36%, 5, 0, 2, 981.33
1563192426, 0, 99, 196, 160, 26, 2.36%, 5, 0, 2, 1065.75
1563194085, 0, 109, 196, 159, 25, 2.36%, 5, 0, 2, 1058.85
1563194111, 0, 117, 196, 158, 24, 2.36%, 5, 0, 2, 1133.99
1563194126, 0, 118, 196, 157, 23, 2.36%, 5, 0, 2, 1163.18
1563194142, 0, 120, 196, 156, 22, 2.36%, 5, 0, 2, 1128.25
1563194162, 0, 126, 196, 155, 21, 2.36%, 5, 0, 2, 1080.41
1563194898, 0, 126, 197, 156, 21, 2.36%, 5, 0, 3, 1048.72
1563196613, 0, 132, 197, 155, 21, 2.36%, 5, 0, 3, 1180.08
1563196628, 0, 135, 197, 154, 20, 2.36%, 5, 0, 3, 1127.84
1563199108, 0, 138, 198, 154, 19, 2.36%, 5, 0, 3, 1160.28
1563199123, 0, 141, 198, 153, 18, 2.36%, 5, 0, 3, 1312.38
1563199138, 0, 144, 198, 152, 17, 2.36%, 5, 0, 3, 1063.70
1563200304, 0, 144, 199, 153, 17, 2.37%, 5, 0, 3, 825.19
1563200998, 0, 150, 199, 152, 17, 2.37%, 5, 0, 3, 1110.96
1563201013, 0, 153, 199, 151, 16, 2.37%, 5, 0, 3, 1513.24
1563201023, 0, 156, 199, 150, 15, 2.37%, 5, 0, 3, 1346.24
1563201550, 0, 156, 200, 151, 15, 2.37%, 5, 0, 3, 1160.54
1563201571, 0, 156, 200, 151, 15, 2.37%, 6, 0, 3, 1084.11
1563202053, 0, 156, 201, 152, 15, 2.37%, 6, 0, 3, 1270.93
1563202618, 0, 157, 204, 154, 16, 2.38%, 6, 0, 3, 1136.27
1563202643, 0, 158, 204, 153, 15, 2.38%, 6, 0, 3, 1107.53
1563202668, 0, 164, 204, 152, 14, 2.38%, 6, 0, 3, 1131.86
1563203974, 0, 166, 209, 156, 13, 2.38%, 6, 0, 3, 1231.45
1563205479, 0, 178, 212, 158, 13, 2.38%, 6, 0, 3, 1196.25
1563205495, 0, 180, 212, 157, 12, 2.38%, 6, 0, 3, 1398.38
1563205510, 0, 182, 212, 156, 12, 2.38%, 6, 0, 3, 1336.31
1563205525, 0, 183, 212, 155, 11, 2.38%, 6, 0, 3, 1289.58
1563205550, 0, 185, 212, 154, 10, 2.38%, 6, 0, 3, 1184.50
1563205586, 0, 192, 212, 153, 9, 2.38%, 6, 0, 3, 1287.81
1563205606, 0, 193, 212, 152, 8, 2.38%, 6, 0, 3, 1137.94
1563205621, 0, 196, 212, 151, 7, 2.38%, 6, 0, 3, 1043.63
1563208093, 0, 199, 212, 150, 6, 2.38%, 6, 0, 3, 923.76
1563209691, 0, 200, 212, 149, 5, 2.38%, 6, 0, 3, 1184.54
1563210214, 0, 200, 212, 149, 5, 2.38%, 7, 0, 3, 1264.89
1563211278, 0, 203, 212, 148, 4, 2.38%, 7, 0, 3, 1146.96
1563211298, 0, 208, 212, 147, 3, 2.38%, 7, 0, 3, 1110.99
1563211881, 0, 208, 213, 148, 3, 2.38%, 7, 0, 3, 996.40
1563213146, 0, 210, 214, 148, 3, 2.38%, 7, 0, 3, 1040.07
1563213167, 0, 212, 214, 147, 2, 2.38%, 7, 0, 3, 1213.54
1563215131, 1, 37, 215, 147, 1, 2.38%, 7, 0, 3, 1067.37
1563215147, 1, 42, 215, 146, 0, 2.38%, 7, 0, 3, 1123.52
1563216752, 1, 47, 215, 145, 0, 2.38%, 7, 0, 3, 1246.87
1563216772, 1, 50, 215, 144, 0, 2.38%, 7, 0, 3, 1312.42
1563216787, 1, 54, 215, 143, 0, 2.38%, 7, 0, 3, 1329.31
1563216792, 1, 66, 215, 143, 0, 2.38%, 7, 0, 3, 1174.30
1563216813, 1, 67, 215, 142, 0, 2.38%, 7, 0, 3, 1247.86
1563216985, 1, 74, 216, 142, 0, 2.38%, 7, 0, 3, 1211.91
1563217025, 1, 79, 216, 141, 0, 2.38%, 7, 0, 3, 1181.23
1563217051, 1, 86, 216, 140, 0, 2.38%, 7, 0, 3, 1063.69
1563219538, 1, 142, 221, 144, 1, 2.39%, 7, 0, 3, 1145.09
1563221094, 1, 194, 221, 143, 1, 2.39%, 7, 0, 3, 1211.75
1563221110, 1, 218, 221, 142, 1, 2.39%, 7, 0, 3, 1210.29
1563221358, 2, 5, 221, 141, 0, 2.39%, 7, 0, 3, 995.25
1563221570, 2, 8, 221, 140, 0, 2.39%, 7, 0, 3, 1051.71
1563221779, 2, 12, 221, 139, 0, 2.39%, 7, 0, 3, 1129.37
1563221978, 2, 16, 221, 138, 0, 2.39%, 7, 0, 3, 1116.75
1563222168, 2, 39, 221, 137, 0, 2.39%, 7, 0, 3, 1177.51
1563222204, 2, 43, 221, 136, 0, 2.39%, 7, 0, 3, 1140.51
1563222224, 2, 46, 221, 135, 0, 2.39%, 7, 0, 3, 1228.45
1563222250, 2, 49, 221, 134, 0, 2.39%, 7, 0, 3, 1269.57
1563222265, 2, 51, 221, 133, 0, 2.39%, 7, 0, 3, 1299.05
1563222270, 2, 73, 221, 133, 0, 2.39%, 7, 0, 3, 1368.06
1563222291, 2, 89, 221, 132, 0, 2.39%, 7, 0, 3, 1176.52
1563224820, 2, 90, 221, 131, 0, 2.39%, 7, 0, 3, 1022.72
1563227522, 2, 91, 221, 130, 0, 2.39%, 7, 0, 3, 1033.92
1563230042, 2, 94, 221, 129, 0, 2.39%, 7, 0, 3, 1019.84
1563232595, 2, 96, 221, 128, 0, 2.39%, 7, 0, 3, 896.88
1563232600, 2, 119, 221, 128, 0, 2.39%, 7, 0, 3, 882.79
1563232615, 2, 122, 221, 127, 0, 2.39%, 7, 0, 3, 1137.01
1563232630, 2, 124, 221, 126, 0, 2.39%, 7, 0, 3, 1060.16
1563232650, 2, 130, 221, 125, 0, 2.39%, 7, 0, 3, 1112.67
1563232665, 2, 131, 221, 124, 0, 2.39%, 7, 0, 3, 1358.82
1563232681, 2, 134, 221, 123, 0, 2.39%, 7, 0, 3, 1174.13
1563234754, 2, 135, 221, 122, 0, 2.39%, 7, 0, 3, 944.66
1563234759, 2, 136, 221, 122, 0, 2.39%, 7, 0, 3, 995.65
1563236860, 2, 137, 221, 121, 0, 2.39%, 7, 0, 3, 1213.60
1563236870, 2, 150, 221, 120, 0, 2.39%, 7, 0, 3, 1333.56
1563236875, 2, 155, 221, 120, 0, 2.39%, 7, 0, 3, 1088.27
1563238686, 2, 159, 221, 119, 0, 2.39%, 7, 0, 3, 990.60
1563238711, 2, 165, 221, 118, 0, 2.39%, 7, 0, 3, 894.50
1563240599, 2, 176, 221, 117, 0, 2.39%, 7, 0, 3, 1074.46
1563240619, 2, 179, 221, 116, 0, 2.39%, 7, 0, 3, 1466.52
1563240634, 2, 186, 221, 115, 0, 2.39%, 7, 0, 3, 1224.71
1563243203, 2, 197, 221, 114, 0, 2.39%, 7, 0, 3, 1063.06
1563243947, 2, 197, 222, 115, 0, 2.39%, 7, 0, 3, 1025.26
1563245667, 2, 198, 222, 114, 0, 2.39%, 7, 0, 3, 940.05
1563247513, 2, 200, 222, 113, 0, 2.39%, 7, 0, 3, 1035.10
1563247518, 2, 204, 222, 113, 0, 2.39%, 7, 0, 3, 1083.84
1563247553, 2, 211, 222, 112, 0, 2.39%, 7, 0, 3, 1294.97
1563247568, 2, 212, 222, 111, 0, 2.39%, 7, 0, 3, 1404.20
1563247574, 2, 219, 222, 111, 0, 2.39%, 7, 0, 3, 1121.56
1563247807, 3, 3, 222, 110, 0, 2.39%, 7, 0, 3, 1126.05
1563248002, 3, 4, 222, 109, 0, 2.39%, 7, 0, 3, 1020.96
1563248215, 3, 10, 222, 108, 0, 2.39%, 7, 0, 3, 1164.62
1563248393, 3, 13, 222, 107, 0, 2.39%, 7, 0, 3, 1152.04
1563248607, 3, 22, 222, 106, 0, 2.39%, 7, 0, 3, 1207.80
1563248622, 3, 30, 222, 105, 0, 2.39%, 7, 0, 3, 1167.12
1563248627, 3, 40, 222, 105, 0, 2.39%, 7, 0, 3, 1107.67
1563248648, 3, 70, 222, 104, 0, 2.39%, 7, 0, 3, 1295.99
1563248653, 3, 75, 222, 104, 0, 2.39%, 7, 0, 3, 1110.10
1563248856, 3, 76, 222, 103, 0, 2.39%, 7, 0, 3, 1154.25
1563248881, 3, 80, 222, 102, 0, 2.39%, 7, 0, 3, 1161.90
1563248906, 3, 82, 222, 101, 0, 2.39%, 7, 0, 3, 1219.75
1563248947, 3, 84, 222, 100, 0, 2.39%, 7, 0, 3, 1305.59
1563249024, 3, 100, 222, 99, 0, 2.39%, 7, 0, 3, 1261.12
1563249198, 3, 103, 222, 98, 0, 2.39%, 7, 0, 3, 1116.64
1563251680, 3, 112, 222, 97, 0, 2.39%, 7, 0, 3, 924.32
1563254159, 3, 113, 223, 97, 0, 2.39%, 7, 0, 3, 958.84
1563254174, 3, 114, 223, 96, 0, 2.39%, 7, 0, 3, 1139.71
1563256584, 3, 116, 223, 95, 0, 2.39%, 7, 0, 3, 1186.25
1563256753, 3, 121, 223, 94, 0, 2.39%, 7, 0, 3, 1215.64
1563256768, 3, 125, 223, 93, 0, 2.39%, 7, 0, 3, 1273.15
1563256784, 3, 127, 223, 92, 0, 2.39%, 7, 0, 3, 1122.31
1563259258, 3, 140, 223, 91, 0, 2.39%, 7, 0, 3, 1063.53
1563259294, 3, 152, 223, 90, 0, 2.39%, 7, 0, 3, 1419.75
1563259304, 3, 168, 223, 89, 0, 2.39%, 7, 0, 3, 1291.49
1563261751, 3, 168, 224, 90, 0, 2.39%, 7, 0, 3, 1059.49
1563261919, 3, 171, 224, 89, 0, 2.39%, 7, 0, 3, 1048.11
1563264490, 3, 175, 224, 88, 0, 2.39%, 7, 0, 3, 1070.84
1563264505, 3, 183, 224, 87, 0, 2.39%, 7, 0, 3, 1451.35
1563264510, 3, 189, 224, 87, 0, 2.39%, 7, 0, 3, 1432.94
1563264551, 3, 195, 224, 86, 0, 2.39%, 7, 0, 3, 1160.45
1563265291, 3, 195, 225, 87, 0, 2.39%, 7, 0, 3, 1023.08
1563266935, 3, 200, 227, 88, 0, 2.39%, 7, 0, 3, 1002.60
1563266940, 3, 201, 227, 88, 0, 2.39%, 7, 0, 3, 1370.77
1563266960, 3, 207, 227, 87, 0, 2.39%, 7, 0, 3, 1441.47
1563266981, 3, 215, 227, 86, 0, 2.39%, 7, 0, 3, 1234.38
1563267219, 3, 217, 227, 85, 0, 2.39%, 7, 0, 3, 1102.28
1563267351, 3, 224, 227, 84, 0, 2.39%, 7, 0, 3, 1090.39
1563269805, 3, 226, 227, 83, 0, 2.39%, 7, 0, 3, 1058.06
1563269831, 4, 14, 227, 82, 0, 2.39%, 7, 0, 3, 1232.91
1563270031, 4, 15, 227, 81, 0, 2.39%, 7, 0, 3, 1112.17
1563270239, 4, 17, 227, 80, 0, 2.39%, 7, 0, 3, 1108.98
1563270244, 4, 28, 227, 80, 0, 2.39%, 7, 0, 3, 1101.28
1563270265, 4, 33, 227, 79, 0, 2.39%, 7, 0, 3, 994.13
1563270285, 4, 48, 227, 78, 0, 2.39%, 7, 0, 3, 1164.43
1563270499, 4, 54, 227, 77, 0, 2.39%, 7, 0, 3, 1177.41
1563270504, 4, 71, 227, 77, 0, 2.39%, 7, 0, 3, 1182.40
1563270519, 4, 78, 227, 76, 0, 2.39%, 7, 0, 3, 1281.38
1563270524, 4, 87, 227, 76, 0, 2.39%, 7, 0, 3, 1090.65
1563273118, 4, 93, 227, 75, 0, 2.39%, 7, 0, 3, 905.64
1563275534, 4, 95, 227, 74, 0, 2.39%, 7, 0, 3, 1051.99
1563278186, 4, 98, 227, 73, 0, 2.39%, 7, 0, 3, 847.46
1563280622, 4, 101, 227, 72, 0, 2.39%, 7, 0, 3, 1039.09
1563283175, 4, 104, 227, 71, 0, 2.39%, 7, 0, 3, 1048.55
1563285575, 4, 115, 227, 70, 0, 2.39%, 7, 0, 3, 1027.85
1563288000, 4, 123, 227, 69, 0, 2.39%, 7, 0, 3, 1130.67
1563288200, 4, 146, 227, 68, 0, 2.39%, 7, 0, 3, 979.68
1563290092, 4, 147, 227, 67, 0, 2.39%, 7, 0, 3, 951.99
1563290107, 4, 163, 227, 66, 0, 2.39%, 7, 0, 3, 1208.84
1563292058, 4, 216, 227, 65, 0, 2.39%, 7, 0, 3, 1100.22
1563292282, 4, 221, 227, 64, 0, 2.39%, 7, 0, 3, 1050.59
1563294761, 4, 230, 250, 86, 8, 2.44%, 7, 0, 3, 1069.77
1563294796, 4, 232, 250, 85, 7, 2.44%, 7, 0, 3, 1247.24
1563294821, 4, 238, 250, 84, 6, 2.44%, 7, 0, 3, 1208.76
1563295041, 4, 240, 250, 83, 5, 2.44%, 7, 0, 3, 1150.42
1563295062, 4, 241, 251, 83, 4, 2.44%, 7, 0, 3, 1131.82
1563295072, 4, 241, 252, 84, 4, 2.44%, 7, 0, 3, 993.97
1563297625, 4, 245, 254, 85, 3, 2.44%, 7, 0, 3, 1075.55
1563297651, 4, 247, 254, 84, 2, 2.44%, 7, 0, 3, 1047.20
1563297676, 4, 248, 254, 83, 1, 2.44%, 7, 0, 3, 1146.91
1563297711, 4, 251, 254, 82, 0, 2.44%, 7, 0, 3, 1033.89
1563300194, 5, 19, 254, 81, 0, 2.44%, 7, 0, 3, 1025.69
1563300377, 5, 21, 254, 80, 0, 2.44%, 7, 0, 3, 1224.37
1563300382, 5, 27, 254, 80, 0, 2.44%, 7, 0, 3, 1016.90
1563301912, 5, 256, 258, 83, 2, 2.45%, 7, 0, 3, 1072.29
1563302136, 5, 257, 258, 82, 1, 2.45%, 7, 0, 3, 986.22
1563302171, 6, 17, 258, 81, 0, 2.45%, 7, 0, 3, 1211.43
1563302176, 6, 69, 258, 81, 0, 2.45%, 7, 0, 3, 1099.00
1563302182, 6, 81, 258, 81, 0, 2.45%, 7, 0, 3, 1084.17
1563302237, 6, 85, 258, 80, 0, 2.45%, 7, 0, 3, 1145.19
1563302273, 6, 88, 258, 79, 0, 2.45%, 7, 0, 3, 998.32
1563304786, 6, 120, 258, 78, 0, 2.45%, 7, 0, 3, 1077.28
1563304791, 6, 128, 258, 78, 0, 2.45%, 7, 0, 3, 986.11
1563306712, 6, 129, 258, 77, 0, 2.45%, 7, 0, 3, 1214.97
1563306727, 6, 143, 258, 76, 0, 2.45%, 7, 0, 3, 980.98
1563308620, 6, 161, 259, 76, 0, 2.45%, 7, 0, 3, 1180.42
1563308635, 6, 166, 259, 75, 0, 2.45%, 7, 0, 3, 1265.22
1563308640, 6, 167, 259, 75, 0, 2.45%, 7, 0, 3, 1073.96
1563311332, 6, 172, 259, 74, 0, 2.45%, 7, 0, 3, 1250.20
1563311347, 6, 184, 259, 73, 0, 2.45%, 7, 0, 3, 1341.91
1563311368, 6, 188, 259, 72, 0, 2.45%, 7, 0, 3, 1179.67
1563313856, 6, 190, 260, 72, 0, 2.45%, 7, 0, 3, 1209.73
1563313896, 6, 191, 260, 71, 0, 2.45%, 7, 0, 3, 1486.34
1563313912, 6, 193, 260, 70, 0, 2.45%, 7, 0, 3, 1486.24
1563313917, 6, 205, 260, 70, 0, 2.45%, 7, 0, 3, 1436.20
1563313942, 6, 223, 260, 69, 0, 2.45%, 7, 0, 3, 1249.67
1563316366, 6, 223, 261, 70, 0, 2.45%, 7, 0, 4, 1053.66
1563316529, 6, 235, 262, 70, 1, 2.45%, 7, 0, 4, 1111.74
1563316554, 6, 261, 262, 69, 1, 2.45%, 7, 0, 4, 1142.17
1563318873, 6, 264, 265, 71, 0, 2.45%, 7, 0, 4, 1008.81
1563321575, 7, 21, 266, 71, 0, 2.45%, 7, 0, 4, 1002.75
1563321580, 7, 31, 266, 71, 0, 2.45%, 7, 0, 4, 1093.32
1563323159, 7, 51, 266, 70, 0, 2.45%, 7, 0, 4, 1167.68
1563323164, 7, 83, 266, 70, 0, 2.45%, 7, 0, 4, 1230.93
1563323373, 7, 108, 266, 69, 0, 2.45%, 7, 0, 4, 1154.09
1563324933, 7, 110, 266, 68, 0, 2.45%, 7, 0, 4, 1104.84
1563324958, 7, 111, 266, 67, 0, 2.45%, 7, 0, 4, 1163.58
1563325140, 7, 139, 266, 66, 0, 2.45%, 7, 0, 4, 1073.04
1563326784, 7, 145, 266, 65, 0, 2.45%, 7, 0, 4, 1098.67
1563328789, 7, 229, 270, 68, 4, 2.47%, 7, 0, 4, 971.28
1563331207, 7, 266, 270, 67, 4, 2.47%, 7, 0, 4, 978.41
1563331283, 7, 267, 270, 66, 3, 2.47%, 7, 0, 4, 1161.31
1563331308, 7, 268, 270, 65, 2, 2.47%, 7, 0, 4, 1247.17
1563331508, 7, 269, 270, 64, 1, 2.47%, 7, 0, 4, 1165.86
1563331579, 8, 2, 270, 63, 0, 2.47%, 7, 0, 4, 1087.16
1563331794, 8, 20, 270, 62, 0, 2.47%, 7, 0, 4, 1054.12
1563331819, 8, 30, 270, 61, 0, 2.47%, 7, 0, 4, 1074.40
1563331824, 8, 97, 270, 61, 0, 2.47%, 7, 0, 4, 1216.12
1563334457, 8, 102, 270, 60, 0, 2.47%, 7, 0, 4, 971.19
