# unix_time, cycles_done, cur_path, paths_total, pending_total, pending_favs, map_size, unique_crashes, unique_hangs, max_depth, execs_per_sec
1563336224, 0, 0, 2, 2, 2, 0.47%, 0, 0, 1, 44.69
1563336229, 0, 0, 18, 18, 2, 0.60%, 0, 0, 2, 88.43
1563336235, 0, 0, 42, 42, 2, 0.80%, 0, 0, 2, 100.05
1563336240, 0, 0, 43, 43, 2, 0.81%, 0, 0, 2, 100.32
1563336255, 0, 0, 61, 61, 2, 1.00%, 0, 0, 2, 102.13
1563336260, 0, 0, 77, 77, 2, 1.03%, 0, 0, 2, 103.24
1563336265, 0, 0, 88, 88, 2, 1.18%, 0, 0, 2, 103.08
1563336270, 0, 0, 94, 94, 2, 1.21%, 0, 0, 2, 92.40
1563336285, 0, 0, 100, 100, 2, 1.26%, 0, 0, 2, 98.08
1563336291, 0, 0, 112, 112, 2, 1.30%, 0, 0, 2, 101.49
1563336296, 0, 0, 117, 117, 2, 1.31%, 0, 0, 2, 101.84
1563336301, 0, 0, 121, 121, 2, 1.33%, 0, 0, 2, 106.64
1563336316, 0, 0, 125, 125, 2, 1.34%, 0, 0, 2, 101.92
1563336321, 0, 0, 128, 128, 2, 1.35%, 0, 0, 2, 104.09
1563336326, 0, 0, 129, 129, 2, 1.35%, 0, 0, 2, 101.71
1563336331, 0, 0, 132, 132, 2, 1.35%, 0, 0, 2, 105.34
1563336341, 0, 0, 136, 136, 2, 1.37%, 0, 0, 2, 97.09
1563336346, 0, 0, 141, 141, 2, 1.51%, 0, 0, 2, 106.03
1563336351, 0, 0, 147, 147, 2, 1.59%, 0, 0, 2, 101.87
1563336356, 0, 0, 148, 148, 2, 1.59%, 0, 0, 2, 101.71
1563336366, 0, 0, 151, 151, 2, 1.60%, 0, 0, 2, 106.13
1563336372, 0, 0, 164, 164, 2, 1.81%, 0, 0, 2, 101.53
1563336387, 0, 0, 174, 174, 2, 1.90%, 0, 0, 2, 103.09
1563336392, 0, 0, 178, 178, 2, 1.91%, 0, 0, 2, 96.93
1563336407, 0, 0, 180, 180, 2, 1.94%, 0, 0, 2, 104.85
1563336417, 0, 0, 181, 181, 2, 1.94%, 0, 0, 2, 98.86
1563336438, 0, 0, 186, 186, 2, 1.95%, 0, 0, 2, 109.36
1563336443, 0, 0, 187, 187, 2, 1.95%, 0, 0, 2, 110.01
1563336448, 0, 0, 188, 188, 2, 1.97%, 0, 0, 2, 105.61
1563336453, 0, 0, 194, 194, 2, 1.98%, 0, 0, 2, 107.69
1563336458, 0, 0, 195, 195, 2, 1.99%, 0, 0, 2, 99.62
1563336463, 0, 0, 198, 198, 2, 2.00%, 0, 0, 2, 103.41
1563336468, 0, 0, 201, 201, 2, 2.00%, 0, 0, 2, 103.94
1563336489, 0, 0, 203, 203, 2, 2.00%, 0, 0, 2, 83.53
1563336494, 0, 0, 206, 206, 2, 2.00%, 0, 0, 2, 93.16
1563336499, 0, 0, 207, 207, 2, 2.00%, 0, 0, 2, 103.63
1563336509, 0, 0, 212, 212, 2, 2.02%, 0, 0, 2, 102.21
1563336514, 0, 0, 213, 213, 2, 2.02%, 0, 0, 2, 104.60
1563336519, 0, 0, 214, 214, 2, 2.02%, 0, 0, 2, 106.56
1563336524, 0, 0, 217, 217, 2, 2.02%, 0, 0, 2, 96.39
1563336534, 0, 0, 220, 220, 2, 2.02%, 0, 0, 2, 107.81
1563336539, 0, 0, 229, 229, 2, 2.02%, 0, 0, 2, 113.31
1563336545, 0, 0, 235, 235, 2, 2.02%, 0, 0, 2, 114.02
1563336550, 0, 0, 240, 240, 2, 2.07%, 0, 0, 2, 113.35
1563336555, 0, 0, 245, 245, 2, 2.08%, 0, 0, 2, 115.79
1563336560, 0, 0, 248, 248, 2, 2.09%, 0, 0, 2, 108.87
1563336565, 0, 0, 252, 252, 2, 2.11%, 0, 0, 2, 107.60
1563336570, 0, 0, 254, 254, 2, 2.11%, 0, 0, 2, 109.85
1563336575, 0, 0, 260, 260, 2, 2.13%, 0, 0, 2, 114.32
1563336581, 0, 0, 263, 263, 2, 2.15%, 0, 0, 2, 111.61
1563336586, 0, 0, 267, 267, 2, 2.18%, 0, 0, 2, 112.66
1563336591, 0, 0, 268, 268, 2, 2.18%, 0, 0, 2, 109.07
1563336601, 0, 1, 273, 272, 115, 2.19%, 0, 0, 2, 114.61
1563336606, 0, 1, 275, 274, 115, 2.19%, 0, 0, 2, 112.23
1563336621, 0, 1, 277, 276, 115, 2.20%, 0, 0, 2, 108.53
1563336626, 0, 1, 278, 277, 115, 2.20%, 0, 0, 2, 108.52
1563336642, 0, 1, 279, 278, 115, 2.20%, 0, 0, 2, 116.21
1563336647, 0, 1, 282, 281, 115, 2.20%, 0, 0, 2, 116.82
1563336662, 0, 1, 284, 283, 115, 2.20%, 0, 0, 2, 115.15
1563336667, 0, 1, 285, 284, 115, 2.22%, 0, 0, 2, 117.15
1563336677, 0, 1, 291, 290, 115, 2.28%, 0, 0, 2, 113.36
1563336688, 0, 1, 296, 295, 115, 2.28%, 0, 0, 2, 110.15
1563336738, 0, 1, 298, 297, 115, 2.28%, 0, 0, 2, 104.42
1563336754, 0, 1, 303, 302, 115, 2.28%, 0, 0, 2, 112.38
1563336759, 0, 1, 307, 306, 115, 2.28%, 0, 0, 2, 116.37
1563336774, 0, 1, 310, 309, 115, 2.29%, 0, 0, 2, 118.71
1563336779, 0, 1, 311, 310, 115, 2.29%, 0, 0, 2, 113.52
1563336784, 0, 1, 312, 311, 115, 2.29%, 0, 0, 2, 116.76
1563336789, 0, 1, 314, 313, 115, 2.30%, 0, 0, 2, 115.40
1563336795, 0, 1, 315, 314, 115, 2.30%, 0, 0, 2, 116.62
1563336800, 0, 1, 320, 319, 115, 2.31%, 0, 0, 2, 117.89
1563336805, 0, 1, 322, 321, 115, 2.31%, 0, 0, 2, 114.46
1563336810, 0, 4, 324, 322, 128, 2.31%, 0, 0, 3, 120.35
1563336815, 0, 8, 325, 322, 128, 2.31%, 0, 0, 3, 118.47
1563336820, 0, 8, 326, 323, 128, 2.31%, 0, 0, 3, 121.92
1563336825, 0, 8, 328, 325, 128, 2.32%, 0, 0, 3, 117.91
1563336851, 0, 8, 330, 327, 128, 2.32%, 0, 0, 3, 118.71
1563336871, 0, 8, 331, 328, 128, 2.32%, 0, 0, 3, 114.10
1563336933, 0, 8, 332, 329, 128, 2.32%, 0, 0, 3, 107.83
1563336985, 0, 8, 334, 331, 128, 2.32%, 0, 0, 3, 119.10
1563336990, 0, 8, 337, 334, 128, 2.33%, 0, 0, 3, 119.89
1563336995, 0, 8, 342, 339, 128, 2.33%, 0, 0, 3, 119.41
1563337000, 0, 8, 345, 342, 128, 2.34%, 0, 0, 3, 118.57
1563337005, 0, 8, 349, 346, 128, 2.34%, 0, 0, 3, 115.82
1563337010, 0, 8, 350, 347, 128, 2.34%, 0, 0, 3, 115.49
1563337015, 0, 8, 352, 349, 128, 2.34%, 0, 0, 3, 119.64
1563337020, 0, 8, 354, 351, 128, 2.34%, 0, 0, 3, 111.84
1563337031, 0, 8, 359, 356, 128, 2.34%, 0, 0, 3, 121.11
1563337036, 0, 8, 361, 358, 128, 2.36%, 0, 0, 3, 123.92
1563337041, 0, 16, 361, 357, 129, 2.36%, 0, 0, 3, 117.29
1563337071, 0, 16, 362, 358, 129, 2.36%, 0, 0, 3, 101.31
1563337148, 0, 16, 363, 359, 129, 2.36%, 0, 0, 3, 106.50
1563337209, 0, 16, 364, 360, 129, 2.37%, 0, 0, 3, 105.32
1563337336, 0, 16, 366, 362, 129, 2.37%, 0, 0, 3, 104.84
1563337341, 0, 24, 366, 361, 129, 2.37%, 0, 0, 3, 113.43
1563337397, 0, 24, 368, 363, 129, 2.37%, 0, 0, 3, 104.74
1563337443, 0, 24, 369, 364, 129, 2.37%, 0, 0, 3, 97.89
1563337646, 0, 28, 370, 364, 128, 2.37%, 0, 0, 3, 108.49
1563337651, 0, 28, 374, 368, 128, 2.40%, 0, 0, 3, 105.14
1563337672, 0, 28, 375, 369, 128, 2.40%, 0, 0, 3, 104.89
1563337707, 0, 28, 376, 370, 128, 2.41%, 0, 0, 3, 105.60
1563337754, 0, 28, 381, 375, 128, 2.47%, 0, 0, 3, 110.15
1563337764, 0, 28, 382, 376, 128, 2.47%, 0, 0, 3, 109.39
1563337769, 0, 28, 384, 378, 128, 2.47%, 0, 0, 3, 103.01
1563337846, 0, 28, 385, 379, 128, 2.49%, 0, 0, 3, 105.96
1563337851, 0, 28, 388, 382, 128, 2.49%, 0, 0, 3, 107.41
1563337917, 0, 28, 390, 384, 128, 2.49%, 0, 0, 3, 107.72
1563337922, 0, 28, 397, 391, 128, 2.49%, 0, 0, 3, 111.17
1563337927, 0, 28, 400, 394, 128, 2.50%, 0, 0, 3, 113.66
1563337937, 0, 28, 401, 395, 128, 2.50%, 0, 0, 3, 112.65
1563337942, 0, 28, 403, 397, 128, 2.50%, 0, 0, 3, 110.88
1563337947, 0, 28, 406, 400, 128, 2.50%, 0, 0, 3, 105.13
1563337952, 0, 28, 408, 402, 128, 2.50%, 0, 0, 3, 113.32
1563337957, 0, 28, 409, 403, 128, 2.50%, 0, 0, 3, 110.29
1563337963, 0, 28, 410, 404, 128, 2.50%, 0, 0, 3, 109.93
1563337973, 0, 28, 412, 406, 128, 2.50%, 0, 0, 3, 119.82
1563337978, 0, 32, 412, 405, 134, 2.50%, 0, 0, 3, 112.51
1563338059, 0, 32, 413, 406, 134, 2.50%, 0, 0, 3, 108.77
1563338080, 0, 32, 414, 407, 134, 2.50%, 0, 0, 3, 107.24
1563338095, 0, 32, 419, 412, 134, 2.50%, 0, 0, 3, 104.04
1563338115, 0, 32, 420, 413, 134, 2.50%, 0, 0, 3, 105.34
1563338176, 0, 32, 421, 414, 134, 2.50%, 0, 0, 3, 107.74
1563338237, 0, 33, 421, 413, 134, 2.50%, 0, 0, 3, 114.71
1563338242, 0, 33, 426, 418, 134, 2.52%, 0, 0, 3, 106.21
1563338273, 0, 33, 427, 419, 134, 2.52%, 0, 0, 3, 102.20
1563338360, 0, 33, 428, 420, 134, 2.52%, 0, 0, 3, 107.29
1563338513, 0, 35, 429, 420, 137, 2.52%, 0, 0, 3, 109.56
1563338538, 0, 35, 430, 421, 137, 2.52%, 0, 0, 3, 105.31
1563338717, 0, 35, 431, 422, 137, 2.53%, 0, 0, 3, 100.56
1563338793, 0, 36, 431, 421, 137, 2.53%, 0, 0, 3, 104.32
1563338813, 0, 36, 432, 422, 137, 2.53%, 0, 0, 3, 108.20
1563338823, 0, 36, 433, 423, 137, 2.53%, 0, 0, 3, 106.97
1563339064, 0, 51, 433, 422, 138, 2.53%, 0, 0, 3, 111.38
1563339084, 0, 51, 434, 423, 138, 2.53%, 0, 0, 3, 90.32
1563339115, 0, 51, 436, 425, 138, 2.57%, 0, 0, 3, 103.81
1563339365, 0, 52, 436, 424, 138, 2.57%, 0, 0, 3, 110.23
1563339390, 0, 52, 442, 430, 138, 2.60%, 0, 0, 3, 106.34
1563339415, 0, 52, 444, 432, 138, 2.60%, 0, 0, 3, 104.78
1563339446, 0, 52, 445, 433, 138, 2.60%, 0, 0, 3, 102.49
1563339456, 0, 52, 446, 434, 138, 2.60%, 0, 0, 3, 103.99
1563339502, 0, 52, 449, 437, 138, 2.60%, 0, 0, 3, 102.44
1563339644, 0, 52, 452, 440, 138, 2.60%, 0, 0, 3, 112.01
1563339674, 0, 53, 453, 440, 140, 2.60%, 0, 0, 3, 112.01
1563339700, 0, 53, 454, 441, 140, 2.61%, 0, 0, 3, 105.82
1563339725, 0, 53, 455, 442, 140, 2.61%, 0, 0, 3, 110.43
1563339984, 0, 60, 455, 441, 141, 2.61%, 0, 0, 3, 106.92
1563340264, 0, 67, 455, 440, 140, 2.61%, 0, 0, 3, 112.01
1563340289, 0, 67, 456, 441, 140, 2.61%, 0, 0, 3, 104.71
1563340315, 0, 67, 457, 442, 140, 2.64%, 0, 0, 3, 111.04
1563340407, 0, 67, 458, 443, 140, 2.64%, 0, 0, 3, 106.23
1563340551, 0, 68, 458, 442, 140, 2.64%, 0, 0, 3, 106.48
1563340576, 0, 68, 459, 443, 140, 2.64%, 0, 0, 3, 109.14
1563340832, 0, 69, 459, 442, 140, 2.64%, 0, 0, 3, 115.64
1563340857, 0, 69, 460, 443, 140, 2.64%, 0, 0, 3, 106.57
1563341113, 0, 72, 460, 442, 139, 2.64%, 0, 0, 3, 112.65
1563341169, 0, 72, 461, 443, 139, 2.64%, 0, 0, 3, 112.16
1563341261, 0, 72, 463, 445, 139, 2.64%, 0, 0, 3, 109.52
1563341409, 0, 77, 463, 444, 139, 2.64%, 0, 0, 3, 110.12
1563341715, 0, 77, 466, 447, 139, 2.66%, 0, 0, 3, 116.64
1563341720, 0, 77, 469, 450, 139, 2.66%, 0, 0, 3, 115.77
1563341725, 0, 77, 472, 453, 139, 2.66%, 0, 0, 3, 120.95
1563341730, 0, 77, 473, 454, 139, 2.66%, 0, 0, 3, 124.84
1563341735, 0, 77, 475, 456, 139, 2.67%, 0, 0, 3, 122.99
1563341740, 0, 77, 477, 458, 139, 2.67%, 0, 0, 3, 116.88
1563341745, 0, 77, 478, 459, 139, 2.67%, 0, 0, 3, 116.90
1563341751, 0, 77, 480, 461, 139, 2.67%, 0, 0, 3, 120.82
1563341756, 0, 87, 480, 460, 141, 2.67%, 0, 0, 3, 106.37
1563341786, 0, 87, 481, 461, 141, 2.67%, 0, 0, 3, 110.71
1563341853, 0, 87, 482, 462, 141, 2.67%, 0, 0, 3, 111.49
1563342031, 0, 87, 485, 465, 141, 2.69%, 0, 0, 3, 115.45
1563342037, 0, 87, 487, 467, 141, 2.69%, 0, 0, 3, 118.36
1563342042, 0, 87, 490, 470, 141, 2.70%, 0, 0, 3, 121.37
1563342047, 0, 87, 492, 472, 141, 2.70%, 0, 0, 3, 117.44
1563342052, 0, 87, 495, 475, 141, 2.70%, 0, 0, 3, 116.99
1563342057, 0, 87, 496, 476, 141, 2.70%, 0, 0, 3, 112.82
1563342062, 0, 87, 498, 478, 141, 2.70%, 0, 0, 3, 116.50
1563342072, 0, 87, 499, 479, 141, 2.70%, 0, 0, 3, 117.95
1563342077, 0, 87, 501, 481, 141, 2.70%, 0, 0, 3, 116.35
1563342082, 0, 87, 503, 483, 141, 2.71%, 0, 0, 3, 114.75
1563342087, 0, 88, 503, 482, 145, 2.71%, 0, 0, 3, 116.53
1563342092, 0, 88, 506, 485, 145, 2.72%, 0, 0, 3, 105.48
1563342174, 0, 88, 507, 486, 145, 2.72%, 0, 0, 3, 110.62
1563342194, 0, 88, 511, 490, 145, 2.76%, 0, 0, 3, 108.77
1563342204, 0, 88, 512, 491, 145, 2.76%, 0, 0, 3, 107.35
1563342271, 0, 88, 513, 492, 145, 2.76%, 0, 0, 3, 116.89
1563342353, 0, 93, 513, 491, 151, 2.76%, 0, 0, 3, 112.84
1563342358, 0, 93, 514, 492, 151, 2.76%, 0, 0, 3, 118.65
1563342363, 0, 93, 515, 493, 151, 2.77%, 0, 0, 3, 116.81
1563342368, 0, 93, 516, 494, 151, 2.77%, 0, 0, 3, 117.80
1563342373, 0, 93, 518, 496, 151, 2.77%, 0, 0, 3, 121.88
1563342394, 0, 93, 519, 497, 151, 2.77%, 0, 0, 3, 115.95
1563342404, 0, 93, 522, 500, 151, 2.78%, 0, 0, 3, 123.02
1563342409, 0, 93, 526, 504, 151, 2.78%, 0, 0, 3, 122.81
1563342455, 0, 93, 528, 506, 151, 2.78%, 0, 0, 3, 126.83
1563342471, 0, 93, 532, 510, 151, 2.78%, 0, 0, 3, 116.94
1563342496, 0, 93, 533, 511, 151, 2.78%, 0, 0, 3, 119.91
1563342501, 0, 93, 534, 512, 151, 2.78%, 0, 0, 3, 118.84
1563342517, 0, 93, 535, 513, 151, 2.78%, 0, 0, 3, 121.79
1563342522, 0, 93, 536, 514, 151, 2.78%, 0, 0, 3, 125.98
1563342527, 0, 96, 536, 513, 153, 2.78%, 0, 0, 3, 99.99
1563342547, 0, 96, 537, 514, 153, 2.78%, 0, 0, 3, 102.26
1563342588, 0, 96, 538, 515, 153, 2.78%, 0, 0, 3, 109.23
1563342801, 0, 106, 539, 515, 153, 2.78%, 0, 0, 3, 122.57
1563342852, 0, 106, 541, 517, 153, 2.79%, 0, 0, 3, 119.98
1563342872, 0, 106, 542, 518, 153, 2.79%, 0, 0, 3, 112.07
1563342914, 0, 106, 543, 519, 153, 2.79%, 0, 0, 3, 113.71
1563342934, 0, 106, 544, 520, 153, 2.79%, 0, 0, 3, 110.50
1563343005, 0, 106, 545, 521, 153, 2.79%, 0, 0, 3, 125.65
1563343051, 0, 107, 545, 520, 152, 2.79%, 0, 0, 3, 126.93
1563343077, 0, 107, 546, 521, 152, 2.79%, 0, 0, 3, 118.25
1563343102, 0, 107, 548, 523, 152, 2.79%, 0, 0, 3, 120.89
1563343133, 0, 107, 550, 525, 152, 2.79%, 0, 0, 3, 116.98
1563343300, 0, 107, 551, 526, 152, 2.79%, 0, 0, 3, 117.37
1563343315, 0, 107, 552, 527, 152, 2.79%, 0, 0, 3, 117.18
1563343321, 0, 107, 553, 528, 152, 2.79%, 0, 0, 3, 118.45
1563343326, 0, 118, 554, 528, 152, 2.79%, 0, 0, 3, 130.66
1563343367, 0, 118, 558, 532, 152, 2.82%, 0, 0, 3, 143.81
1563343428, 0, 118, 559, 533, 152, 2.82%, 0, 0, 3, 114.64
1563343474, 0, 119, 559, 532, 152, 2.82%, 0, 0, 3, 126.48
1563343479, 0, 119, 560, 533, 152, 2.82%, 0, 0, 3, 133.48
1563343536, 0, 119, 561, 534, 152, 2.82%, 0, 0, 3, 120.28
1563343577, 0, 119, 564, 537, 152, 2.83%, 0, 0, 3, 126.86
1563343612, 0, 123, 565, 537, 155, 2.83%, 0, 0, 3, 123.95
1563343638, 0, 123, 566, 538, 155, 2.83%, 0, 0, 3, 110.66
1563343663, 0, 123, 568, 540, 155, 2.84%, 0, 0, 3, 107.25
1563343912, 0, 141, 568, 539, 157, 2.84%, 0, 0, 3, 116.30
1563343917, 0, 141, 569, 540, 157, 2.85%, 0, 0, 3, 115.57
1563343922, 0, 141, 572, 543, 157, 2.87%, 0, 0, 3, 110.70
1563344030, 0, 141, 573, 544, 157, 2.87%, 0, 0, 3, 109.88
1563344173, 0, 144, 574, 544, 160, 2.87%, 0, 0, 3, 115.98
1563344291, 0, 144, 575, 545, 160, 2.87%, 0, 0, 3, 110.22
1563344434, 0, 145, 575, 544, 160, 2.87%, 0, 0, 3, 125.96
1563344532, 0, 145, 576, 545, 160, 2.87%, 0, 0, 3, 125.08
1563344568, 0, 146, 577, 545, 159, 2.87%, 0, 0, 3, 119.68
1563344680, 0, 146, 578, 546, 159, 2.87%, 0, 0, 3, 115.22
1563344817, 0, 154, 578, 545, 159, 2.87%, 0, 0, 3, 126.64
1563345093, 0, 155, 578, 544, 158, 2.87%, 0, 0, 3, 122.10
1563345124, 0, 155, 579, 545, 158, 2.87%, 0, 0, 3, 116.63
1563345139, 0, 155, 580, 546, 158, 2.87%, 0, 0, 3, 113.46
1563345368, 0, 156, 580, 545, 158, 2.87%, 0, 0, 3, 117.60
1563345415, 0, 156, 581, 546, 158, 2.90%, 0, 0, 3, 118.62
1563345435, 0, 156, 582, 547, 158, 2.90%, 0, 0, 3, 117.34
1563345644, 0, 158, 582, 546, 157, 2.90%, 0, 0, 3, 119.26
1563345715, 0, 158, 583, 547, 157, 2.91%, 0, 0, 3, 111.07
1563345771, 0, 158, 584, 548, 157, 2.91%, 0, 0, 3, 119.29
1563345924, 0, 160, 585, 548, 158, 2.91%, 0, 0, 3, 126.75
1563345945, 0, 160, 603, 566, 158, 2.92%, 0, 0, 3, 16.59
1563345950, 0, 160, 604, 567, 158, 2.92%, 0, 0, 3, 124.83
1563345970, 0, 160, 611, 574, 158, 2.94%, 0, 0, 3, 125.26
1563345991, 0, 160, 614, 577, 158, 2.95%, 0, 0, 3, 130.96
1563345996, 0, 160, 617, 580, 158, 2.96%, 0, 0, 3, 126.51
1563346027, 0, 160, 619, 582, 158, 2.96%, 0, 0, 3, 125.29
1563346032, 0, 160, 624, 587, 158, 2.98%, 0, 0, 3, 127.72
1563346037, 0, 160, 626, 589, 158, 2.98%, 0, 0, 3, 128.97
1563346083, 0, 160, 631, 594, 158, 3.00%, 0, 0, 3, 120.32
1563346119, 0, 160, 636, 599, 158, 3.02%, 0, 0, 3, 119.65
1563346124, 0, 164, 636, 598, 177, 3.02%, 0, 0, 3, 121.08
1563346257, 0, 164, 637, 599, 177, 3.02%, 0, 0, 3, 113.98
1563346389, 0, 165, 637, 598, 177, 3.02%, 0, 0, 3, 121.34
1563346410, 0, 165, 640, 601, 177, 3.03%, 0, 0, 3, 122.08
1563346430, 0, 165, 643, 604, 177, 3.04%, 0, 0, 3, 127.67
1563346451, 0, 165, 645, 606, 177, 3.05%, 0, 0, 3, 119.95
1563346492, 0, 165, 648, 609, 177, 3.05%, 0, 0, 3, 126.39
1563346507, 0, 165, 649, 610, 177, 3.05%, 0, 0, 3, 125.20
1563346533, 0, 165, 650, 611, 177, 3.05%, 0, 0, 3, 144.46
1563346543, 0, 165, 651, 612, 177, 3.05%, 0, 0, 3, 140.69
1563346554, 0, 165, 652, 613, 177, 3.05%, 0, 0, 3, 144.51
1563346579, 0, 165, 653, 614, 177, 3.05%, 0, 0, 3, 137.26
1563346589, 0, 165, 657, 618, 177, 3.06%, 0, 0, 3, 134.02
1563346595, 0, 167, 657, 617, 189, 3.06%, 0, 0, 3, 129.52
1563346676, 0, 167, 658, 618, 189, 3.06%, 0, 0, 3, 121.04
1563346722, 0, 167, 659, 619, 189, 3.06%, 0, 0, 3, 118.24
1563346794, 0, 167, 661, 621, 189, 3.06%, 0, 0, 3, 117.66
1563346836, 0, 167, 662, 622, 189, 3.06%, 0, 0, 3, 117.51
1563346851, 0, 167, 665, 625, 189, 3.06%, 0, 0, 3, 126.74
1563346862, 0, 168, 665, 624, 189, 3.06%, 0, 0, 3, 122.97
1563346989, 0, 168, 666, 625, 189, 3.06%, 0, 0, 3, 118.23
1563347116, 0, 168, 667, 626, 189, 3.06%, 0, 0, 3, 111.72
1563347121, 0, 169, 667, 625, 188, 3.06%, 0, 0, 3, 115.57
1563347270, 0, 169, 668, 626, 188, 3.06%, 0, 0, 3, 66.93
1563347439, 0, 170, 668, 625, 188, 3.06%, 0, 0, 3, 52.32
1563347669, 0, 170, 669, 626, 188, 3.06%, 0, 0, 3, 105.73
1563347807, 0, 172, 670, 626, 189, 3.06%, 0, 0, 3, 111.97
1563347950, 0, 172, 671, 627, 189, 3.06%, 0, 0, 3, 107.22
1563348087, 0, 173, 671, 626, 188, 3.06%, 0, 0, 3, 112.86
1563348226, 0, 173, 672, 627, 188, 3.06%, 0, 0, 3, 118.98
1563348358, 0, 181, 672, 626, 188, 3.06%, 0, 0, 3, 126.09
1563348369, 0, 181, 674, 628, 188, 3.06%, 0, 0, 3, 112.54
1563348394, 0, 181, 677, 631, 188, 3.08%, 0, 0, 3, 134.20
1563348466, 0, 181, 678, 632, 188, 3.09%, 0, 0, 3, 120.76
1563348486, 0, 182, 678, 631, 189, 3.09%, 0, 0, 3, 122.78
1563348491, 0, 182, 679, 632, 189, 3.09%, 0, 0, 3, 121.11
1563348501, 0, 182, 680, 633, 189, 3.09%, 0, 0, 3, 118.99
1563348506, 0, 182, 681, 634, 189, 3.09%, 0, 0, 3, 129.17
1563348537, 0, 182, 685, 638, 189, 3.11%, 0, 0, 3, 123.17
1563348625, 0, 182, 686, 639, 189, 3.11%, 0, 0, 3, 129.98
1563348635, 0, 182, 687, 640, 189, 3.11%, 0, 0, 3, 143.51
1563348646, 0, 183, 687, 639, 187, 3.11%, 0, 0, 3, 140.07
1563348774, 0, 196, 687, 638, 186, 3.11%, 0, 0, 3, 137.24
1563348886, 0, 196, 689, 640, 186, 3.14%, 0, 0, 3, 128.96
1563349040, 0, 212, 690, 640, 186, 3.14%, 0, 0, 3, 121.88
1563349060, 0, 212, 692, 642, 186, 3.15%, 0, 0, 3, 114.89
1563349085, 0, 212, 694, 644, 186, 3.15%, 0, 0, 3, 108.74
1563349259, 0, 212, 695, 645, 186, 3.15%, 0, 0, 3, 112.36
1563349269, 0, 214, 695, 644, 187, 3.15%, 0, 0, 3, 117.94
1563349320, 0, 214, 696, 645, 187, 3.15%, 0, 0, 3, 113.46
1563349345, 0, 214, 697, 646, 187, 3.15%, 0, 0, 3, 118.58
1563349402, 0, 214, 699, 648, 187, 3.15%, 0, 0, 3, 119.58
1563349474, 0, 214, 700, 649, 187, 3.15%, 0, 0, 3, 130.91
1563349525, 0, 216, 700, 648, 188, 3.15%, 0, 0, 3, 131.21
1563349760, 0, 216, 701, 649, 188, 3.15%, 0, 0, 3, 129.14
1563349765, 0, 222, 701, 648, 188, 3.15%, 0, 0, 3, 134.44
1563349770, 0, 222, 707, 654, 188, 3.17%, 0, 0, 3, 134.07
1563349785, 0, 222, 708, 655, 188, 3.17%, 0, 0, 3, 126.51
1563349832, 0, 222, 711, 658, 188, 3.18%, 0, 0, 3, 135.01
1563349837, 0, 222, 716, 663, 188, 3.20%, 0, 0, 3, 142.92
1563349842, 0, 222, 720, 667, 188, 3.20%, 0, 0, 3, 148.58
1563349857, 0, 222, 722, 669, 188, 3.20%, 0, 0, 3, 142.48
1563349863, 0, 222, 726, 673, 188, 3.21%, 0, 0, 3, 143.78
1563349868, 0, 222, 728, 675, 188, 3.21%, 0, 0, 3, 145.64
1563349873, 0, 222, 732, 679, 188, 3.21%, 0, 0, 3, 141.64
1563349883, 0, 222, 733, 680, 188, 3.21%, 0, 0, 3, 140.59
1563349888, 0, 223, 733, 679, 194, 3.21%, 0, 0, 3, 141.83
1563349924, 0, 223, 734, 680, 194, 3.21%, 0, 0, 3, 136.42
1563349971, 0, 223, 735, 681, 194, 3.21%, 0, 0, 3, 132.18
1563349981, 0, 223, 736, 682, 194, 3.21%, 0, 0, 3, 135.64
1563350068, 0, 237, 736, 681, 191, 3.21%, 0, 0, 3, 140.20
1563350073, 0, 237, 739, 684, 191, 3.21%, 0, 0, 3, 138.31
1563350094, 0, 237, 741, 686, 191, 3.21%, 0, 0, 3, 144.21
1563350099, 0, 237, 742, 687, 191, 3.21%, 0, 0, 3, 152.09
1563350160, 0, 237, 743, 688, 191, 3.21%, 0, 0, 3, 127.15
1563350165, 0, 238, 743, 687, 194, 3.21%, 0, 0, 3, 122.86
1563350170, 0, 238, 761, 705, 194, 3.27%, 0, 0, 3, 125.77
1563350181, 0, 238, 762, 706, 194, 3.27%, 0, 0, 3, 130.66
1563350201, 0, 238, 764, 708, 194, 3.27%, 0, 0, 3, 133.10
1563350222, 0, 238, 765, 709, 194, 3.28%, 0, 0, 3, 126.50
1563350320, 0, 244, 767, 710, 212, 3.28%, 0, 0, 3, 135.71
1563350325, 0, 244, 768, 711, 212, 3.28%, 0, 0, 3, 136.80
1563350386, 0, 248, 768, 710, 211, 3.28%, 0, 0, 3, 134.59
1563350391, 0, 248, 774, 716, 211, 3.28%, 0, 0, 3, 129.36
1563350397, 0, 248, 777, 719, 211, 3.28%, 0, 0, 3, 128.06
1563350407, 0, 248, 780, 722, 211, 3.30%, 0, 0, 3, 127.23
1563350417, 0, 248, 781, 723, 211, 3.30%, 0, 0, 3, 129.01
1563350423, 0, 248, 782, 724, 211, 3.30%, 0, 0, 3, 127.96
1563350433, 0, 248, 783, 725, 211, 3.30%, 0, 0, 3, 122.51
1563350453, 0, 248, 784, 726, 211, 3.30%, 0, 0, 3, 128.44
1563350458, 0, 248, 786, 728, 211, 3.31%, 0, 0, 3, 131.39
1563350469, 0, 248, 788, 730, 211, 3.31%, 0, 0, 3, 135.64
1563350571, 0, 248, 789, 731, 211, 3.31%, 0, 0, 3, 114.21
1563350586, 0, 248, 791, 733, 211, 3.31%, 0, 0, 3, 117.41
1563350596, 0, 248, 792, 734, 211, 3.31%, 0, 0, 3, 115.20
1563350633, 0, 248, 794, 736, 211, 3.31%, 0, 0, 3, 111.42
1563350638, 0, 248, 795, 737, 211, 3.31%, 0, 0, 3, 111.62
1563350689, 0, 248, 796, 738, 211, 3.31%, 0, 0, 3, 108.14
1563350694, 0, 248, 798, 740, 211, 3.31%, 0, 0, 3, 109.07
1563350699, 0, 248, 800, 742, 211, 3.31%, 0, 0, 3, 109.83
1563350704, 0, 248, 803, 745, 211, 3.31%, 0, 0, 3, 109.04
1563350709, 0, 248, 805, 747, 211, 3.31%, 0, 0, 3, 113.26
1563350714, 0, 248, 807, 749, 211, 3.31%, 0, 0, 3, 113.72
1563350719, 0, 248, 810, 752, 211, 3.32%, 0, 0, 3, 110.69
1563350725, 0, 248, 812, 754, 211, 3.32%, 0, 0, 3, 108.45
1563350735, 0, 248, 814, 756, 211, 3.32%, 0, 0, 3, 111.71
1563350740, 0, 248, 816, 758, 211, 3.32%, 0, 0, 3, 112.77
1563350750, 0, 249, 816, 757, 215, 3.32%, 0, 0, 3, 112.09
1563350862, 0, 254, 817, 757, 214, 3.32%, 0, 0, 3, 109.86
1563350867, 0, 254, 818, 758, 214, 3.32%, 0, 0, 3, 108.10
1563350883, 0, 254, 819, 759, 214, 3.32%, 0, 0, 3, 112.23
1563350893, 0, 254, 820, 760, 214, 3.32%, 0, 0, 3, 109.59
1563350913, 0, 254, 822, 762, 214, 3.32%, 0, 0, 3, 109.91
1563350949, 0, 254, 823, 763, 214, 3.32%, 0, 0, 3, 110.68
1563351051, 0, 257, 823, 762, 215, 3.32%, 0, 0, 3, 116.29
1563351117, 0, 257, 824, 763, 215, 3.32%, 0, 0, 3, 107.94
1563351158, 0, 257, 825, 764, 215, 3.32%, 0, 0, 3, 111.03
1563351244, 0, 265, 825, 763, 214, 3.32%, 0, 0, 3, 119.24
1563351249, 0, 265, 829, 767, 214, 3.32%, 0, 0, 3, 115.44
1563351274, 0, 265, 830, 768, 214, 3.33%, 0, 0, 3, 109.20
1563351280, 0, 265, 831, 769, 214, 3.33%, 0, 0, 3, 104.69
1563351310, 0, 265, 832, 770, 214, 3.33%, 0, 0, 3, 125.62
1563351366, 0, 271, 832, 769, 213, 3.33%, 0, 0, 3, 109.50
1563351483, 0, 271, 833, 770, 213, 3.33%, 0, 0, 3, 122.03
1563351509, 0, 279, 834, 770, 212, 3.33%, 0, 0, 3, 124.93
1563351550, 0, 279, 836, 772, 212, 3.33%, 0, 0, 3, 121.31
1563351560, 0, 279, 838, 774, 212, 3.33%, 0, 0, 3, 120.50
1563351627, 0, 281, 838, 773, 212, 3.33%, 0, 0, 3, 114.11
1563351632, 0, 281, 841, 776, 212, 3.39%, 0, 0, 3, 111.78
1563351647, 0, 281, 842, 777, 212, 3.40%, 0, 0, 3, 107.14
1563351673, 0, 281, 843, 778, 212, 3.42%, 0, 0, 3, 112.08
1563351678, 0, 281, 845, 780, 212, 3.42%, 0, 0, 3, 112.92
1563351749, 0, 281, 849, 784, 212, 3.42%, 0, 0, 3, 111.01
1563351754, 0, 281, 850, 785, 212, 3.44%, 0, 0, 3, 113.07
1563351780, 0, 281, 855, 790, 212, 3.47%, 0, 0, 3, 111.25
1563351785, 0, 281, 858, 793, 212, 3.47%, 0, 0, 3, 116.95
1563351795, 0, 284, 858, 792, 214, 3.47%, 0, 0, 3, 108.05
1563351800, 0, 284, 859, 793, 214, 3.47%, 0, 0, 3, 106.90
1563351820, 0, 286, 859, 792, 214, 3.47%, 0, 0, 3, 95.68
1563351835, 0, 286, 860, 793, 214, 3.48%, 0, 0, 3, 113.28
1563351840, 0, 286, 861, 794, 214, 3.53%, 0, 0, 3, 108.55
1563351856, 0, 286, 863, 796, 214, 3.54%, 0, 0, 3, 106.73
1563351861, 0, 286, 864, 797, 214, 3.54%, 0, 0, 3, 105.50
1563351866, 0, 286, 866, 799, 214, 3.54%, 0, 0, 3, 105.92
1563351967, 0, 286, 871, 804, 214, 3.58%, 0, 0, 3, 102.91
1563351988, 0, 286, 873, 806, 214, 3.58%, 0, 0, 3, 98.89
1563352008, 0, 286, 880, 813, 214, 3.58%, 0, 0, 3, 100.27
1563352013, 0, 286, 881, 814, 214, 3.58%, 0, 0, 3, 104.76
1563352018, 0, 286, 882, 815, 214, 3.58%, 0, 0, 3, 112.89
1563352023, 0, 286, 884, 817, 214, 3.59%, 0, 0, 3, 107.48
1563352028, 0, 286, 885, 818, 214, 3.59%, 0, 0, 3, 108.86
1563352039, 0, 286, 886, 819, 214, 3.59%, 0, 0, 3, 106.45
1563352044, 0, 286, 889, 822, 214, 3.59%, 0, 0, 3, 105.31
1563352054, 0, 286, 893, 826, 214, 3.59%, 0, 0, 3, 110.82
1563352059, 0, 286, 898, 831, 214, 3.59%, 0, 0, 3, 108.46
1563352064, 0, 286, 901, 834, 214, 3.59%, 0, 0, 3, 110.82
1563352069, 0, 286, 903, 836, 214, 3.59%, 0, 0, 3, 106.55
1563352074, 0, 286, 905, 838, 214, 3.59%, 0, 0, 3, 112.08
1563352079, 0, 286, 907, 840, 214, 3.60%, 0, 0, 3, 114.77
1563352084, 0, 286, 910, 843, 214, 3.60%, 0, 0, 3, 111.70
1563352095, 0, 286, 913, 846, 214, 3.62%, 0, 0, 3, 112.06
1563352100, 0, 295, 914, 846, 226, 3.62%, 0, 0, 3, 109.60
1563352120, 0, 295, 915, 847, 226, 3.62%, 0, 0, 3, 107.83
1563352181, 0, 295, 916, 848, 226, 3.62%, 0, 0, 3, 106.07
1563352257, 0, 301, 916, 847, 226, 3.62%, 0, 0, 3, 108.67
1563352288, 0, 301, 917, 848, 226, 3.62%, 0, 0, 3, 100.67
1563352318, 0, 301, 918, 849, 226, 3.62%, 0, 0, 3, 99.62
1563352375, 0, 305, 918, 848, 226, 3.62%, 0, 0, 3, 103.24
1563352380, 0, 305, 920, 850, 226, 3.63%, 0, 0, 3, 108.33
1563352456, 0, 305, 922, 852, 226, 3.63%, 0, 0, 3, 105.31
1563352508, 0, 305, 923, 853, 226, 3.63%, 0, 0, 3, 112.32
1563352538, 0, 305, 924, 854, 226, 3.64%, 0, 0, 3, 105.77
1563352543, 0, 305, 925, 855, 226, 3.64%, 0, 0, 3, 108.17
1563352553, 0, 310, 925, 854, 227, 3.64%, 0, 0, 3, 107.82
1563352625, 0, 310, 926, 855, 227, 3.64%, 0, 0, 3, 118.11
1563352665, 0, 310, 927, 856, 227, 3.64%, 0, 0, 3, 114.22
1563352696, 0, 310, 928, 857, 227, 3.64%, 0, 0, 3, 114.24
1563352722, 0, 310, 929, 858, 227, 3.64%, 0, 0, 3, 111.36
1563352727, 0, 311, 930, 858, 228, 3.64%, 0, 0, 3, 114.42
1563352762, 0, 311, 932, 860, 228, 3.64%, 0, 0, 3, 112.37
1563352834, 0, 311, 933, 861, 228, 3.64%, 0, 0, 3, 109.89
1563352885, 0, 313, 933, 860, 229, 3.64%, 0, 0, 3, 117.84
1563353012, 0, 313, 934, 861, 229, 3.64%, 0, 0, 3, 107.06
1563353022, 0, 323, 934, 860, 228, 3.64%, 0, 0, 3, 120.17
1563353027, 0, 325, 934, 859, 227, 3.64%, 0, 0, 3, 108.73
1563353220, 0, 326, 934, 858, 226, 3.64%, 0, 0, 3, 111.02
1563353231, 0, 326, 935, 859, 226, 3.64%, 0, 0, 4, 111.14
1563353236, 0, 326, 936, 860, 226, 3.64%, 0, 0, 4, 109.06
1563353256, 0, 326, 938, 862, 226, 3.65%, 0, 0, 4, 130.14
1563353348, 0, 326, 939, 863, 226, 3.65%, 0, 0, 4, 108.60
1563353389, 0, 328, 940, 863, 227, 3.65%, 0, 0, 4, 122.02
1563353394, 0, 328, 941, 864, 227, 3.65%, 0, 0, 4, 124.25
1563353547, 0, 332, 941, 863, 226, 3.65%, 0, 0, 4, 109.33
1563353582, 0, 333, 941, 862, 225, 3.65%, 0, 0, 4, 105.41
1563353592, 0, 333, 942, 863, 225, 3.65%, 0, 0, 4, 101.11
1563353597, 0, 333, 943, 864, 225, 3.67%, 0, 0, 4, 100.80
1563353607, 0, 333, 944, 865, 225, 3.67%, 0, 0, 4, 102.40
1563353648, 0, 333, 945, 866, 225, 3.67%, 0, 0, 4, 100.91
1563353658, 0, 333, 946, 867, 225, 3.67%, 0, 0, 4, 103.22
1563353705, 0, 333, 948, 869, 225, 3.67%, 0, 0, 4, 101.76
1563353710, 0, 335, 949, 869, 226, 3.67%, 0, 0, 4, 104.43
1563353725, 0, 335, 950, 870, 226, 3.67%, 0, 0, 4, 105.34
1563353761, 0, 335, 951, 871, 226, 3.67%, 0, 0, 4, 114.82
1563353776, 0, 335, 953, 873, 226, 3.67%, 0, 0, 4, 111.27
1563353913, 0, 340, 954, 873, 227, 3.67%, 0, 0, 4, 108.44
1563354093, 0, 343, 954, 872, 226, 3.67%, 0, 0, 4, 105.55
1563354098, 0, 343, 956, 874, 226, 3.68%, 0, 0, 4, 103.90
1563354103, 0, 343, 957, 875, 226, 3.68%, 0, 0, 4, 104.67
1563354108, 0, 343, 959, 877, 226, 3.68%, 0, 0, 4, 103.19
1563354123, 0, 343, 963, 881, 226, 3.71%, 0, 0, 4, 114.61
1563354179, 0, 343, 965, 883, 226, 3.71%, 0, 0, 4, 111.37
1563354200, 0, 343, 966, 884, 226, 3.71%, 0, 0, 4, 107.59
1563354220, 0, 343, 968, 886, 226, 3.71%, 0, 0, 4, 113.47
1563354225, 0, 343, 969, 887, 226, 3.71%, 0, 0, 4, 118.08
1563354230, 0, 343, 970, 888, 226, 3.72%, 0, 0, 4, 119.30
1563354241, 0, 343, 973, 891, 226, 3.72%, 0, 0, 4, 118.34
1563354251, 0, 343, 975, 893, 226, 3.74%, 0, 0, 4, 118.40
1563354261, 0, 343, 976, 894, 226, 3.75%, 0, 0, 4, 112.18
1563354266, 0, 343, 977, 895, 226, 3.75%, 0, 0, 4, 113.92
1563354271, 0, 343, 978, 896, 226, 3.75%, 0, 0, 4, 115.27
1563354276, 0, 351, 978, 895, 225, 3.75%, 0, 0, 4, 114.68
1563354287, 0, 351, 979, 896, 225, 3.75%, 0, 0, 4, 116.31
1563354307, 0, 351, 980, 897, 225, 3.75%, 0, 0, 4, 113.36
1563354332, 0, 351, 982, 899, 225, 3.75%, 0, 0, 4, 111.67
1563354430, 0, 354, 982, 898, 223, 3.75%, 0, 0, 4, 125.04
1563354470, 0, 354, 983, 899, 223, 3.75%, 0, 0, 4, 140.27
1563354537, 0, 354, 984, 900, 223, 3.75%, 0, 0, 4, 134.19
1563354557, 0, 355, 984, 899, 223, 3.75%, 0, 0, 4, 111.52
1563354588, 0, 355, 985, 900, 223, 3.75%, 0, 0, 4, 108.16
1563354628, 0, 355, 986, 901, 223, 3.76%, 0, 0, 4, 104.36
1563354659, 0, 355, 988, 903, 223, 3.76%, 0, 0, 4, 108.73
1563354674, 0, 363, 988, 902, 223, 3.76%, 0, 0, 4, 111.79
1563354684, 0, 363, 989, 903, 223, 3.76%, 0, 0, 4, 116.91
1563354709, 0, 363, 990, 904, 223, 3.76%, 0, 0, 4, 121.44
1563354812, 0, 363, 991, 905, 223, 3.76%, 0, 0, 4, 115.36
1563354847, 0, 371, 991, 904, 223, 3.76%, 0, 0, 4, 103.33
1563355134, 0, 375, 991, 903, 222, 3.76%, 0, 0, 4, 112.75
1563355139, 0, 375, 992, 904, 222, 3.76%, 0, 0, 4, 114.78
1563355276, 0, 386, 992, 903, 221, 3.76%, 0, 0, 4, 103.92
1563355286, 0, 386, 993, 904, 221, 3.76%, 0, 0, 4, 105.49
1563355302, 0, 386, 994, 905, 221, 3.76%, 0, 0, 4, 110.20
1563355373, 0, 386, 996, 907, 221, 3.76%, 0, 0, 4, 101.90
1563355388, 0, 386, 997, 908, 221, 3.76%, 0, 0, 4, 100.66
1563355408, 0, 386, 998, 909, 221, 3.76%, 0, 0, 4, 104.85
1563355464, 0, 396, 998, 908, 220, 3.76%, 0, 0, 4, 105.12
1563355474, 0, 396, 999, 909, 220, 3.76%, 0, 0, 4, 94.13
1563355489, 0, 396, 1000, 910, 220, 3.76%, 0, 0, 4, 95.78
1563355494, 0, 396, 1001, 911, 220, 3.76%, 0, 0, 4, 95.95
1563355561, 0, 396, 1004, 914, 220, 3.76%, 0, 0, 4, 92.02
1563355597, 0, 396, 1006, 916, 220, 3.76%, 0, 0, 4, 95.72
1563355623, 0, 396, 1008, 918, 220, 3.76%, 0, 0, 4, 95.45
1563355628, 0, 396, 1009, 919, 220, 3.76%, 0, 0, 4, 92.22
1563355808, 0, 412, 1009, 918, 220, 3.76%, 0, 0, 4, 98.64
1563355869, 0, 412, 1010, 919, 220, 3.78%, 0, 0, 4, 110.16
1563355925, 0, 414, 1010, 918, 220, 3.78%, 0, 0, 4, 108.54
1563356190, 0, 419, 1010, 917, 219, 3.78%, 0, 0, 4, 105.12
1563356221, 0, 419, 1013, 920, 219, 3.78%, 0, 0, 4, 99.46
1563356384, 0, 419, 1014, 921, 219, 3.78%, 0, 0, 4, 100.43
1563356410, 0, 419, 1015, 922, 219, 3.79%, 0, 0, 4, 102.20
1563356455, 0, 419, 1018, 925, 219, 3.79%, 0, 0, 4, 99.17
1563356466, 0, 422, 1018, 924, 221, 3.79%, 0, 0, 4, 103.34
1563356587, 0, 423, 1018, 923, 220, 3.79%, 0, 0, 4, 110.68
1563356873, 0, 424, 1018, 922, 219, 3.79%, 0, 0, 4, 102.28
1563357164, 0, 425, 1018, 921, 218, 3.79%, 0, 0, 4, 103.64
1563357449, 0, 425, 1019, 922, 218, 3.79%, 0, 0, 4, 110.08
1563357454, 0, 427, 1020, 922, 217, 3.79%, 0, 0, 4, 106.26
1563357459, 0, 427, 1022, 924, 217, 3.79%, 0, 0, 4, 103.40
1563357474, 0, 427, 1024, 926, 217, 3.79%, 0, 0, 4, 100.81
1563357740, 0, 431, 1025, 926, 217, 3.79%, 0, 0, 4, 109.81
1563357841, 0, 431, 1026, 927, 217, 3.79%, 0, 0, 4, 103.03
1563358020, 0, 431, 1027, 928, 217, 3.79%, 0, 0, 4, 96.56
1563358025, 0, 431, 1028, 929, 217, 3.79%, 0, 0, 4, 107.53
1563358030, 0, 432, 1028, 928, 217, 3.79%, 0, 0, 4, 104.25
1563358306, 0, 434, 1028, 927, 216, 3.79%, 0, 0, 4, 98.34
1563358332, 0, 434, 1032, 931, 216, 3.87%, 0, 0, 4, 103.20
1563358357, 0, 434, 1034, 933, 216, 3.87%, 0, 0, 4, 104.90
1563358383, 0, 434, 1035, 934, 216, 3.87%, 0, 0, 4, 106.07
1563358393, 0, 434, 1036, 935, 216, 3.88%, 0, 0, 4, 110.52
1563358519, 0, 434, 1038, 937, 216, 3.89%, 0, 0, 4, 102.48
1563358529, 0, 434, 1040, 939, 216, 3.89%, 0, 0, 4, 110.24
1563358534, 0, 440, 1040, 938, 217, 3.89%, 0, 0, 4, 100.71
1563358560, 0, 440, 1041, 939, 217, 3.89%, 0, 0, 4, 95.38
1563358616, 0, 440, 1042, 940, 217, 3.89%, 0, 0, 4, 99.64
1563358862, 0, 445, 1042, 939, 213, 3.89%, 0, 0, 4, 105.02
1563359006, 0, 445, 1045, 942, 213, 3.93%, 0, 0, 4, 111.05
1563359128, 0, 453, 1045, 941, 215, 3.93%, 0, 0, 4, 107.52
1563359455, 0, 464, 1045, 940, 214, 3.93%, 0, 0, 4, 110.01
1563359500, 0, 464, 1046, 941, 214, 3.94%, 0, 0, 4, 106.09
1563359526, 0, 464, 1047, 942, 214, 3.94%, 0, 0, 4, 106.40
1563359567, 0, 470, 1047, 941, 213, 3.94%, 0, 0, 4, 110.18
1563359572, 0, 470, 1048, 942, 213, 3.94%, 0, 0, 4, 96.23
1563359588, 0, 470, 1049, 943, 213, 3.94%, 0, 0, 4, 94.78
1563359628, 0, 470, 1051, 945, 213, 3.94%, 0, 0, 4, 105.09
1563359639, 0, 470, 1052, 946, 213, 3.94%, 0, 0, 4, 106.57
1563359751, 0, 470, 1053, 947, 213, 3.94%, 0, 0, 4, 92.33
1563359787, 0, 475, 1053, 946, 212, 3.94%, 0, 0, 4, 101.50
1563359792, 0, 475, 1054, 947, 212, 3.94%, 0, 0, 4, 106.54
1563359853, 0, 475, 1055, 948, 212, 3.94%, 0, 0, 4, 108.16
1563359884, 0, 480, 1055, 947, 212, 3.94%, 0, 0, 4, 105.31
1563360212, 0, 482, 1055, 946, 211, 3.94%, 0, 0, 4, 99.65
1563360274, 0, 482, 1056, 947, 211, 3.94%, 0, 0, 4, 101.79
1563360294, 0, 483, 1056, 946, 210, 3.94%, 0, 0, 4, 102.04
1563360345, 0, 483, 1058, 948, 210, 3.95%, 0, 0, 4, 113.60
1563360411, 0, 484, 1058, 947, 211, 3.95%, 0, 0, 4, 106.71
1563360416, 0, 484, 1060, 949, 211, 3.95%, 0, 0, 4, 111.12
1563360421, 0, 484, 1064, 953, 211, 3.95%, 0, 0, 4, 106.91
1563360431, 0, 484, 1067, 956, 211, 3.95%, 0, 0, 4, 109.49
1563360436, 0, 484, 1069, 958, 211, 3.95%, 0, 0, 4, 105.25
1563360477, 0, 484, 1070, 959, 211, 3.95%, 0, 0, 4, 107.43
1563360482, 0, 484, 1071, 960, 211, 3.95%, 0, 0, 4, 110.79
1563360579, 0, 484, 1073, 962, 211, 3.95%, 0, 0, 4, 106.20
1563360614, 0, 484, 1074, 963, 211, 3.95%, 0, 0, 4, 105.21
1563360650, 0, 484, 1077, 966, 211, 3.95%, 0, 0, 4, 108.34
1563360655, 0, 484, 1082, 971, 211, 3.95%, 0, 0, 4, 111.08
1563360660, 0, 484, 1084, 973, 211, 3.96%, 0, 0, 4, 114.94
1563360666, 0, 484, 1085, 974, 211, 3.96%, 0, 0, 4, 111.34
1563360671, 0, 484, 1086, 975, 211, 3.96%, 0, 0, 4, 109.20
1563360676, 0, 484, 1087, 976, 211, 3.96%, 0, 0, 4, 110.59
1563360681, 0, 484, 1088, 977, 211, 3.96%, 0, 0, 4, 111.58
1563360701, 0, 484, 1090, 979, 211, 3.96%, 0, 0, 4, 110.99
1563360711, 0, 485, 1090, 978, 211, 3.96%, 0, 0, 4, 111.56
1563360721, 0, 485, 1091, 979, 211, 3.96%, 0, 0, 4, 108.56
1563360798, 0, 485, 1092, 980, 211, 3.96%, 0, 0, 4, 106.66
1563360952, 0, 486, 1092, 979, 210, 3.96%, 0, 0, 4, 116.19
1563361121, 0, 491, 1092, 978, 209, 3.96%, 0, 0, 4, 117.59
1563361289, 0, 503, 1092, 977, 208, 3.96%, 0, 0, 4, 105.22
1563361590, 0, 504, 1092, 976, 207, 3.96%, 0, 0, 4, 102.90
1563361882, 0, 505, 1092, 975, 206, 3.96%, 0, 0, 4, 103.76
1563362168, 0, 508, 1092, 974, 205, 3.96%, 0, 0, 4, 106.80
1563362194, 0, 508, 1093, 975, 205, 3.96%, 0, 0, 4, 97.27
1563362261, 0, 508, 1094, 976, 205, 3.96%, 0, 0, 4, 104.99
1563362291, 0, 508, 1095, 977, 205, 3.96%, 0, 0, 4, 101.26
1563362444, 0, 512, 1095, 976, 204, 3.96%, 0, 0, 4, 111.37
1563362731, 0, 520, 1095, 975, 203, 3.96%, 0, 0, 4, 99.21
1563362798, 0, 520, 1096, 976, 203, 3.96%, 0, 0, 4, 102.20
1563362925, 0, 533, 1096, 975, 202, 3.96%, 0, 0, 4, 104.96
1563362981, 0, 533, 1097, 976, 202, 3.96%, 0, 0, 4, 110.37
1563363027, 0, 533, 1098, 977, 202, 3.96%, 0, 0, 4, 101.41
1563363052, 0, 533, 1099, 978, 202, 3.96%, 0, 0, 4, 101.96
1563363109, 0, 537, 1099, 977, 203, 3.96%, 0, 0, 4, 110.82
1563363226, 0, 537, 1100, 978, 203, 3.96%, 0, 0, 4, 115.59
1563363390, 0, 538, 1100, 977, 202, 3.96%, 0, 0, 4, 106.47
1563363420, 0, 538, 1101, 978, 202, 3.96%, 0, 0, 4, 109.52
1563363557, 0, 539, 1101, 977, 201, 3.96%, 0, 0, 4, 105.01
1563363583, 0, 539, 1102, 978, 201, 3.96%, 0, 0, 4, 99.77
1563363588, 0, 539, 1104, 980, 201, 3.96%, 0, 0, 4, 100.09
1563363644, 0, 539, 1105, 981, 201, 3.96%, 0, 0, 4, 100.90
1563363716, 0, 539, 1107, 983, 201, 3.96%, 0, 0, 4, 103.69
1563363787, 0, 539, 1109, 985, 201, 3.96%, 0, 0, 4, 95.41
1563363844, 0, 539, 1111, 987, 201, 3.96%, 0, 0, 4, 99.73
1563363859, 0, 544, 1111, 986, 201, 3.96%, 0, 0, 4, 111.77
1563363976, 0, 547, 1111, 985, 200, 3.96%, 0, 0, 4, 100.55
1563364002, 0, 547, 1113, 987, 200, 3.96%, 0, 0, 4, 94.73
1563364033, 0, 547, 1114, 988, 200, 3.96%, 0, 0, 4, 97.46
1563364063, 0, 547, 1115, 989, 200, 3.96%, 0, 0, 4, 96.07
1563364314, 0, 550, 1115, 988, 199, 3.96%, 0, 0, 4, 101.72
1563364498, 0, 550, 1121, 994, 199, 3.98%, 0, 0, 4, 101.64
1563364620, 0, 554, 1121, 993, 201, 3.98%, 0, 0, 4, 106.44
1563364625, 0, 554, 1123, 995, 201, 3.98%, 0, 0, 4, 106.17
1563364636, 0, 554, 1124, 996, 201, 3.98%, 0, 0, 4, 106.24
1563364646, 0, 554, 1125, 997, 201, 3.98%, 0, 0, 4, 108.07
1563364808, 0, 555, 1125, 996, 201, 3.98%, 0, 0, 4, 107.80
1563364818, 0, 555, 1126, 997, 201, 3.98%, 0, 0, 4, 111.23
1563364996, 0, 558, 1126, 996, 201, 3.98%, 0, 0, 4, 105.47
1563365011, 0, 558, 1127, 997, 201, 3.98%, 0, 0, 4, 98.49
1563365016, 0, 558, 1128, 998, 201, 3.98%, 0, 0, 4, 99.08
1563365194, 0, 559, 1128, 997, 201, 3.98%, 0, 0, 4, 109.65
1563365322, 0, 559, 1129, 998, 201, 3.98%, 0, 0, 4, 117.34
1563365327, 0, 561, 1129, 997, 200, 3.98%, 0, 0, 4, 125.83
1563365480, 0, 562, 1129, 996, 199, 3.98%, 0, 0, 4, 112.82
1563365632, 0, 563, 1130, 996, 198, 3.98%, 0, 0, 4, 113.92
1563365786, 0, 564, 1130, 995, 197, 3.98%, 0, 0, 4, 112.03
1563365893, 0, 564, 1131, 996, 197, 3.98%, 0, 0, 4, 121.07
1563365929, 0, 566, 1131, 995, 197, 3.98%, 0, 0, 4, 114.62
1563366057, 0, 566, 1132, 996, 197, 3.98%, 0, 0, 4, 98.58
1563366245, 0, 567, 1132, 995, 196, 3.98%, 0, 0, 4, 108.13
1563366266, 0, 567, 1136, 999, 196, 3.98%, 0, 0, 4, 110.67
1563366367, 0, 567, 1139, 1002, 196, 3.99%, 0, 0, 4, 73.88
1563366403, 0, 567, 1140, 1003, 196, 3.99%, 0, 0, 4, 107.39
1563366423, 0, 567, 1144, 1007, 196, 3.99%, 0, 0, 4, 97.80
1563366428, 0, 567, 1145, 1008, 196, 3.99%, 0, 0, 4, 104.54
1563366464, 0, 567, 1147, 1010, 196, 3.99%, 0, 0, 4, 81.04
1563366484, 0, 568, 1147, 1009, 199, 3.99%, 0, 0, 4, 115.18
1563366759, 0, 568, 1148, 1010, 199, 3.99%, 0, 0, 4, 103.03
1563366764, 0, 569, 1148, 1009, 198, 3.99%, 0, 0, 4, 106.69
1563367044, 0, 570, 1148, 1008, 197, 3.99%, 0, 0, 4, 102.95
1563367313, 0, 571, 1148, 1007, 196, 3.99%, 0, 0, 4, 108.62
1563367588, 0, 574, 1148, 1006, 195, 3.99%, 0, 0, 4, 108.72
1563367867, 0, 577, 1148, 1005, 194, 3.99%, 0, 0, 4, 115.96
1563368076, 0, 577, 1149, 1006, 194, 3.99%, 0, 0, 4, 108.65
1563368147, 0, 579, 1149, 1005, 193, 3.99%, 0, 0, 4, 110.64
1563368177, 0, 579, 1150, 1006, 193, 3.99%, 0, 0, 4, 108.13
1563368198, 0, 579, 1151, 1007, 193, 3.99%, 0, 0, 4, 111.62
1563368223, 0, 579, 1152, 1008, 193, 3.99%, 0, 0, 4, 109.04
1563368371, 0, 580, 1152, 1007, 192, 3.99%, 0, 0, 4, 110.82
1563368396, 0, 580, 1156, 1011, 192, 4.01%, 0, 0, 4, 101.72
1563368427, 0, 580, 1158, 1013, 192, 4.01%, 0, 0, 4, 101.35
1563368457, 0, 580, 1159, 1014, 192, 4.01%, 0, 0, 4, 100.72
1563368513, 0, 580, 1165, 1020, 192, 4.01%, 0, 0, 4, 101.97
1563368661, 0, 580, 1166, 1021, 192, 4.02%, 0, 0, 4, 102.49
1563368691, 0, 582, 1166, 1020, 191, 4.02%, 0, 0, 4, 105.97
1563369019, 0, 583, 1166, 1019, 190, 4.02%, 0, 0, 4, 106.06
1563369039, 0, 583, 1167, 1020, 190, 4.02%, 0, 0, 4, 111.51
1563369120, 0, 583, 1168, 1021, 190, 4.02%, 0, 0, 4, 117.71
1563369278, 0, 590, 1168, 1020, 189, 4.02%, 0, 0, 4, 114.48
1563369299, 0, 590, 1169, 1021, 189, 4.02%, 0, 0, 4, 112.20
1563369385, 0, 590, 1170, 1022, 189, 4.02%, 0, 0, 4, 107.54
1563369492, 0, 590, 1171, 1023, 189, 4.02%, 0, 0, 4, 110.96
1563369497, 0, 590, 1172, 1024, 189, 4.03%, 0, 0, 4, 41.47
1563369507, 0, 593, 1172, 1023, 189, 4.03%, 0, 0, 4, 110.48
1563369528, 0, 593, 1173, 1024, 189, 4.03%, 0, 0, 4, 118.07
1563369715, 0, 593, 1174, 1025, 189, 4.03%, 0, 0, 4, 113.05
1563369721, 0, 596, 1174, 1024, 189, 4.03%, 0, 0, 4, 111.33
1563369919, 0, 596, 1175, 1025, 189, 4.03%, 0, 0, 4, 105.29
1563369924, 0, 596, 1175, 1025, 189, 4.03%, 0, 1, 4, 5.92
1563369935, 0, 597, 1175, 1024, 188, 4.03%, 0, 1, 4, 107.83
1563370144, 0, 598, 1175, 1023, 187, 4.03%, 0, 1, 4, 110.47
1563370347, 0, 599, 1175, 1022, 186, 4.03%, 0, 1, 4, 118.26
1563370545, 0, 609, 1175, 1021, 185, 4.03%, 0, 1, 4, 109.35
1563370571, 0, 609, 1176, 1022, 185, 4.03%, 0, 1, 4, 124.29
1563370622, 0, 609, 1178, 1024, 185, 4.03%, 0, 1, 4, 107.91
1563370759, 0, 609, 1179, 1025, 185, 4.03%, 0, 1, 4, 39.96
1563370770, 0, 609, 1186, 1032, 185, 4.04%, 0, 1, 4, 77.80
1563370775, 0, 612, 1186, 1031, 186, 4.04%, 0, 1, 4, 104.01
1563370856, 0, 612, 1187, 1032, 186, 4.04%, 0, 1, 4, 112.49
1563371030, 0, 613, 1187, 1031, 185, 4.04%, 0, 1, 4, 110.93
1563371254, 0, 613, 1188, 1032, 185, 4.05%, 0, 1, 4, 118.81
1563371265, 0, 614, 1188, 1031, 185, 4.05%, 0, 1, 4, 106.01
1563371473, 0, 615, 1188, 1030, 184, 4.05%, 0, 1, 4, 90.25
1563371668, 0, 616, 1188, 1029, 183, 4.05%, 0, 1, 4, 113.88
1563371856, 0, 616, 1189, 1030, 183, 4.05%, 0, 1, 4, 93.19
1563371866, 0, 621, 1189, 1029, 182, 4.05%, 0, 1, 4, 117.81
1563372035, 0, 621, 1190, 1030, 182, 4.05%, 0, 1, 4, 120.00
1563372070, 0, 621, 1190, 1030, 182, 4.05%, 0, 2, 4, 54.73
1563372080, 0, 622, 1190, 1029, 181, 4.05%, 0, 2, 4, 109.44
1563372334, 0, 623, 1190, 1028, 180, 4.05%, 0, 2, 4, 101.91
1563372359, 0, 623, 1191, 1029, 180, 4.05%, 0, 2, 4, 109.44
1563372466, 0, 623, 1195, 1033, 180, 4.06%, 0, 2, 4, 110.94
1563372563, 0, 623, 1198, 1036, 180, 4.08%, 0, 2, 4, 90.59
1563372569, 0, 626, 1199, 1036, 185, 4.08%, 0, 2, 4, 106.02
1563372695, 0, 626, 1200, 1037, 185, 4.08%, 0, 2, 4, 105.84
1563372782, 0, 626, 1201, 1038, 185, 4.08%, 0, 2, 4, 110.06
1563372792, 0, 633, 1201, 1037, 184, 4.08%, 0, 2, 4, 111.48
1563373001, 0, 633, 1202, 1038, 184, 4.08%, 0, 2, 4, 101.75
1563373006, 0, 633, 1203, 1039, 184, 4.08%, 0, 2, 4, 113.08
1563373011, 0, 636, 1203, 1038, 182, 4.08%, 0, 2, 4, 109.34
1563373159, 0, 636, 1204, 1039, 182, 4.08%, 0, 2, 4, 99.58
1563373307, 0, 638, 1204, 1038, 181, 4.08%, 0, 2, 4, 104.39
1563373332, 0, 638, 1205, 1039, 181, 4.08%, 0, 2, 4, 106.15
1563373449, 0, 638, 1206, 1040, 181, 4.08%, 0, 2, 4, 102.06
1563373556, 0, 638, 1207, 1041, 181, 4.08%, 0, 2, 4, 111.73
1563373561, 0, 639, 1207, 1040, 181, 4.08%, 0, 2, 4, 113.31
1563373678, 0, 639, 1208, 1041, 181, 4.08%, 0, 2, 4, 116.28
1563373800, 0, 640, 1208, 1040, 180, 4.08%, 0, 2, 4, 110.27
1563374043, 0, 640, 1209, 1041, 180, 4.08%, 0, 2, 4, 113.83
1563374048, 0, 641, 1209, 1040, 180, 4.08%, 0, 2, 4, 116.94
1563374120, 0, 641, 1210, 1041, 180, 4.08%, 0, 2, 4, 108.49
1563374216, 0, 641, 1211, 1042, 180, 4.08%, 0, 2, 4, 106.28
1563374297, 0, 642, 1211, 1041, 179, 4.08%, 0, 2, 4, 108.21
1563374323, 0, 642, 1212, 1042, 179, 4.08%, 0, 2, 4, 110.88
1563374541, 0, 643, 1212, 1041, 178, 4.08%, 0, 2, 4, 108.83
1563374592, 0, 643, 1213, 1042, 178, 4.08%, 0, 2, 4, 108.03
1563374785, 0, 644, 1213, 1041, 177, 4.08%, 0, 2, 4, 108.59
1563374805, 0, 644, 1214, 1042, 177, 4.08%, 0, 2, 4, 109.22
1563375024, 0, 648, 1214, 1041, 176, 4.08%, 0, 2, 4, 106.92
1563375156, 0, 648, 1216, 1043, 176, 4.08%, 0, 2, 4, 107.50
1563375263, 0, 649, 1216, 1042, 176, 4.08%, 0, 2, 4, 108.74
1563375309, 0, 649, 1217, 1043, 176, 4.08%, 0, 2, 4, 121.45
1563375497, 0, 651, 1217, 1042, 176, 4.08%, 0, 2, 4, 110.09
1563375752, 0, 653, 1217, 1041, 175, 4.08%, 0, 2, 4, 110.93
1563375797, 0, 653, 1218, 1042, 175, 4.08%, 0, 2, 4, 107.14
1563375884, 0, 653, 1219, 1043, 175, 4.08%, 0, 2, 4, 107.01
1563375996, 0, 653, 1220, 1044, 175, 4.08%, 0, 2, 4, 104.78
1563376001, 0, 654, 1220, 1043, 175, 4.08%, 0, 2, 4, 109.91
1563376245, 0, 655, 1220, 1042, 174, 4.08%, 0, 2, 4, 113.86
1563376474, 0, 656, 1220, 1041, 173, 4.08%, 0, 2, 4, 115.44
1563376509, 0, 656, 1222, 1043, 173, 4.09%, 0, 2, 4, 112.74
1563376606, 0, 659, 1223, 1043, 173, 4.09%, 0, 2, 4, 117.19
1563376632, 0, 659, 1224, 1044, 173, 4.09%, 0, 2, 4, 109.88
1563376693, 0, 659, 1225, 1045, 173, 4.09%, 0, 2, 4, 104.92
1563376759, 0, 659, 1226, 1046, 173, 4.09%, 0, 2, 4, 103.49
1563376891, 0, 664, 1226, 1045, 172, 4.09%, 0, 2, 4, 112.63
1563377023, 0, 664, 1227, 1046, 172, 4.09%, 0, 2, 4, 105.60
1563377131, 0, 667, 1227, 1045, 171, 4.09%, 0, 2, 4, 110.32
1563377181, 0, 667, 1228, 1046, 171, 4.09%, 0, 2, 4, 101.62
1563377283, 0, 667, 1229, 1047, 171, 4.09%, 0, 2, 4, 108.02
1563377441, 0, 672, 1229, 1046, 170, 4.09%, 0, 2, 4, 119.44
1563377579, 0, 674, 1231, 1047, 169, 4.09%, 0, 2, 4, 109.95
1563377594, 0, 674, 1232, 1048, 169, 4.09%, 0, 2, 4, 108.21
1563377620, 0, 674, 1235, 1051, 169, 4.09%, 0, 2, 4, 109.25
1563377732, 0, 675, 1236, 1051, 169, 4.09%, 0, 2, 4, 113.47
1563377762, 0, 675, 1237, 1052, 169, 4.09%, 0, 2, 4, 109.62
1563377813, 0, 675, 1239, 1054, 169, 4.10%, 0, 2, 4, 109.69
1563377849, 0, 676, 1243, 1057, 171, 4.10%, 0, 2, 4, 114.05
1563377859, 0, 676, 1245, 1059, 171, 4.11%, 0, 2, 4, 116.12
1563377952, 0, 676, 1247, 1061, 171, 4.13%, 0, 2, 4, 115.06
1563377967, 0, 676, 1250, 1064, 171, 4.14%, 0, 2, 4, 114.12
1563377992, 0, 678, 1250, 1063, 172, 4.14%, 0, 2, 4, 80.62
1563378334, 0, 678, 1251, 1064, 172, 4.14%, 0, 2, 4, 59.85
1563378380, 0, 681, 1251, 1063, 172, 4.14%, 0, 2, 4, 76.53
1563378568, 0, 685, 1251, 1062, 171, 4.14%, 0, 2, 4, 107.80
1563378573, 0, 685, 1252, 1063, 171, 4.14%, 0, 2, 4, 111.23
1563378752, 0, 688, 1252, 1062, 170, 4.14%, 0, 2, 4, 114.84
1563378777, 0, 688, 1255, 1065, 170, 4.14%, 0, 2, 4, 98.79
1563378808, 0, 688, 1259, 1069, 170, 4.14%, 0, 2, 4, 100.56
1563378839, 0, 688, 1260, 1070, 170, 4.14%, 0, 2, 4, 100.20
1563378849, 0, 688, 1261, 1071, 170, 4.15%, 0, 2, 4, 103.55
1563378890, 0, 688, 1264, 1074, 170, 4.15%, 0, 2, 4, 105.95
1563378956, 0, 688, 1265, 1075, 170, 4.15%, 0, 2, 4, 103.15
1563379079, 0, 691, 1266, 1075, 171, 4.15%, 0, 2, 4, 113.45
1563379099, 0, 691, 1268, 1077, 171, 4.16%, 0, 2, 4, 106.57
1563379125, 0, 691, 1270, 1079, 171, 4.16%, 0, 2, 4, 111.36
1563379206, 0, 691, 1271, 1080, 171, 4.16%, 0, 2, 4, 107.48
1563379323, 0, 691, 1272, 1081, 171, 4.16%, 0, 2, 4, 117.00
1563379338, 0, 696, 1272, 1080, 173, 4.16%, 0, 2, 4, 127.62
1563379415, 0, 696, 1273, 1081, 173, 4.16%, 0, 2, 4, 111.86
1563379619, 0, 697, 1273, 1080, 172, 4.16%, 0, 2, 4, 116.03
1563379761, 0, 697, 1274, 1081, 172, 4.16%, 0, 2, 4, 124.89
1563379913, 0, 700, 1274, 1080, 171, 4.16%, 0, 2, 4, 104.99
1563380061, 0, 700, 1275, 1081, 171, 4.16%, 0, 2, 4, 107.33
1563380213, 0, 705, 1275, 1080, 170, 4.16%, 0, 2, 4, 109.74
1563380350, 0, 706, 1275, 1079, 168, 4.16%, 0, 2, 4, 119.46
1563380355, 0, 706, 1276, 1080, 168, 4.16%, 0, 2, 4, 119.26
1563380457, 0, 706, 1277, 1081, 168, 4.16%, 0, 2, 4, 112.97
1563380472, 0, 706, 1278, 1082, 168, 4.16%, 0, 2, 4, 119.59
1563380477, 0, 708, 1278, 1081, 167, 4.16%, 0, 2, 4, 114.23
1563380615, 0, 709, 1278, 1080, 166, 4.16%, 0, 2, 4, 114.78
1563380620, 0, 709, 1279, 1081, 166, 4.16%, 0, 2, 4, 114.17
1563380661, 0, 709, 1280, 1082, 166, 4.17%, 0, 2, 4, 115.91
1563380697, 0, 709, 1283, 1085, 166, 4.18%, 0, 2, 4, 114.02
1563380712, 0, 709, 1285, 1087, 166, 4.19%, 0, 2, 4, 118.28
1563380717, 0, 709, 1288, 1090, 166, 4.19%, 0, 2, 4, 116.85
1563380722, 0, 709, 1290, 1092, 166, 4.19%, 0, 2, 4, 123.62
1563380733, 0, 709, 1292, 1094, 166, 4.19%, 0, 2, 4, 120.98
1563380743, 0, 709, 1294, 1096, 166, 4.19%, 0, 2, 4, 121.48
1563380748, 0, 714, 1294, 1095, 168, 4.19%, 0, 2, 4, 122.28
1563380850, 0, 714, 1295, 1096, 168, 4.19%, 0, 2, 4, 112.71
1563380861, 0, 715, 1295, 1095, 167, 4.19%, 0, 2, 4, 115.37
1563380866, 0, 715, 1296, 1096, 167, 4.19%, 0, 2, 4, 108.89
1563380952, 0, 715, 1297, 1097, 167, 4.19%, 0, 2, 4, 109.40
1563381003, 0, 717, 1298, 1097, 167, 4.19%, 0, 2, 4, 114.57
1563381008, 0, 717, 1299, 1098, 167, 4.19%, 0, 2, 4, 118.38
1563381106, 0, 717, 1300, 1099, 167, 4.19%, 0, 2, 4, 123.59
1563381136, 0, 720, 1300, 1098, 166, 4.19%, 0, 2, 4, 117.16
1563381264, 0, 724, 1300, 1097, 165, 4.19%, 0, 2, 4, 109.46
1563381391, 0, 724, 1301, 1098, 165, 4.19%, 0, 2, 4, 107.89
1563381427, 0, 731, 1301, 1097, 164, 4.19%, 0, 2, 4, 109.75
1563381478, 0, 731, 1302, 1098, 164, 4.19%, 0, 2, 4, 104.39
1563381509, 0, 731, 1303, 1099, 164, 4.19%, 0, 2, 4, 108.37
1563381524, 0, 731, 1304, 1100, 164, 4.19%, 0, 2, 4, 108.42
1563381529, 0, 731, 1305, 1101, 164, 4.19%, 0, 2, 4, 107.69
1563381559, 0, 731, 1306, 1102, 164, 4.19%, 0, 2, 4, 106.38
1563381640, 0, 731, 1307, 1103, 164, 4.19%, 0, 2, 4, 109.01
1563381646, 0, 736, 1307, 1102, 163, 4.19%, 0, 2, 4, 112.27
1563381651, 0, 736, 1308, 1103, 163, 4.19%, 0, 2, 4, 111.54
1563381676, 0, 736, 1309, 1104, 163, 4.21%, 0, 2, 4, 112.31
1563381759, 0, 738, 1310, 1104, 163, 4.21%, 0, 2, 4, 125.67
1563381880, 0, 739, 1310, 1103, 162, 4.21%, 0, 2, 4, 111.96
1563381998, 0, 740, 1310, 1102, 161, 4.21%, 0, 2, 4, 116.73
1563382115, 0, 743, 1310, 1101, 160, 4.21%, 0, 2, 4, 119.14
1563382288, 0, 743, 1312, 1103, 160, 4.21%, 0, 2, 4, 117.39
1563382298, 0, 749, 1312, 1102, 148, 4.21%, 0, 2, 4, 111.65
1563382472, 0, 750, 1312, 1101, 147, 4.21%, 0, 2, 4, 115.87
1563382650, 0, 757, 1312, 1100, 146, 4.21%, 0, 2, 4, 119.00
1563382834, 0, 758, 1312, 1099, 145, 4.21%, 0, 2, 4, 110.90
1563383027, 0, 760, 1312, 1098, 144, 4.21%, 0, 2, 4, 106.95
1563383211, 0, 763, 1312, 1097, 143, 4.21%, 0, 2, 4, 117.33
1563383374, 0, 763, 1313, 1098, 143, 4.21%, 0, 2, 4, 93.03
1563383404, 0, 766, 1313, 1097, 142, 4.21%, 0, 2, 4, 104.93
1563383496, 0, 778, 1314, 1097, 141, 4.21%, 0, 2, 4, 110.34
1563383501, 0, 778, 1315, 1098, 141, 4.21%, 0, 2, 4, 110.31
1563383506, 0, 778, 1316, 1099, 141, 4.21%, 0, 2, 4, 109.17
1563383659, 0, 781, 1316, 1098, 140, 4.21%, 0, 2, 4, 108.45
1563383664, 0, 781, 1317, 1099, 140, 4.21%, 0, 2, 4, 106.45
1563383746, 0, 781, 1318, 1100, 140, 4.21%, 0, 2, 4, 109.69
1563383757, 0, 781, 1319, 1101, 140, 4.21%, 0, 2, 4, 108.87
1563383904, 0, 781, 1321, 1103, 140, 4.21%, 0, 2, 4, 108.75
1563384036, 0, 781, 1324, 1106, 140, 4.21%, 0, 2, 4, 105.83
1563384041, 0, 781, 1328, 1110, 140, 4.21%, 0, 2, 4, 110.46
1563384051, 0, 781, 1330, 1112, 140, 4.21%, 0, 2, 4, 110.55
1563384056, 0, 781, 1331, 1113, 140, 4.21%, 0, 2, 4, 111.22
1563384061, 0, 781, 1332, 1114, 140, 4.21%, 0, 2, 4, 108.88
1563384076, 0, 781, 1334, 1116, 140, 4.21%, 0, 2, 4, 103.20
1563384081, 0, 781, 1336, 1118, 140, 4.21%, 0, 2, 4, 106.71
1563384086, 0, 781, 1337, 1119, 140, 4.21%, 0, 2, 4, 99.94
1563384097, 0, 784, 1338, 1119, 139, 4.21%, 0, 2, 4, 109.45
1563384107, 0, 784, 1339, 1120, 139, 4.21%, 0, 2, 4, 115.47
1563384259, 0, 790, 1339, 1119, 139, 4.21%, 0, 2, 4, 107.72
1563384576, 0, 797, 1339, 1118, 138, 4.21%, 0, 2, 4, 110.09
1563384840, 0, 805, 1339, 1117, 137, 4.21%, 0, 2, 4, 108.23
1563384870, 0, 805, 1340, 1118, 137, 4.21%, 0, 2, 4, 108.86
1563384901, 0, 805, 1341, 1119, 137, 4.21%, 0, 2, 4, 109.10
1563384978, 0, 812, 1341, 1118, 136, 4.21%, 0, 2, 4, 108.29
1563384988, 0, 812, 1343, 1120, 136, 4.21%, 0, 2, 4, 108.47
1563385023, 0, 812, 1345, 1122, 136, 4.21%, 0, 2, 4, 108.60
1563385166, 0, 817, 1346, 1122, 134, 4.21%, 0, 2, 4, 110.15
1563385171, 0, 817, 1347, 1123, 134, 4.21%, 0, 2, 4, 107.20
1563385196, 0, 817, 1348, 1124, 134, 4.21%, 0, 2, 4, 105.16
1563385368, 0, 822, 1348, 1123, 133, 4.21%, 0, 2, 4, 103.51
1563385374, 0, 822, 1350, 1125, 133, 4.21%, 0, 2, 4, 106.07
1563385394, 0, 822, 1351, 1126, 133, 4.21%, 0, 2, 4, 110.49
1563385567, 0, 826, 1351, 1125, 132, 4.21%, 0, 2, 4, 107.01
1563385572, 0, 826, 1353, 1127, 132, 4.21%, 0, 2, 4, 105.71
1563385583, 0, 826, 1354, 1128, 132, 4.21%, 0, 2, 4, 106.52
1563385658, 0, 826, 1355, 1129, 132, 4.21%, 0, 2, 4, 104.95
1563385694, 0, 829, 1355, 1128, 131, 4.21%, 0, 2, 4, 108.37
1563385699, 0, 829, 1358, 1131, 131, 4.21%, 0, 2, 4, 102.24
1563385709, 0, 829, 1359, 1132, 131, 4.21%, 0, 2, 4, 103.24
1563385724, 0, 829, 1360, 1133, 131, 4.22%, 0, 2, 4, 103.89
1563385821, 0, 829, 1362, 1135, 131, 4.22%, 0, 2, 4, 101.61
1563385826, 0, 829, 1363, 1136, 131, 4.22%, 0, 2, 4, 108.04
1563385831, 0, 829, 1364, 1137, 131, 4.22%, 0, 2, 4, 108.60
1563385836, 0, 829, 1365, 1138, 131, 4.22%, 0, 2, 4, 111.09
1563385841, 0, 829, 1367, 1140, 131, 4.22%, 0, 2, 4, 112.93
1563385856, 0, 829, 1368, 1141, 131, 4.22%, 0, 2, 4, 114.32
1563385861, 0, 829, 1369, 1142, 131, 4.22%, 0, 2, 4, 112.48
1563385867, 0, 829, 1371, 1144, 131, 4.22%, 0, 2, 4, 110.24
1563385882, 0, 836, 1371, 1143, 133, 4.22%, 0, 2, 4, 111.64
1563385887, 0, 836, 1372, 1144, 133, 4.22%, 0, 2, 4, 106.07
1563385892, 0, 836, 1373, 1145, 133, 4.22%, 0, 2, 4, 108.35
1563385983, 0, 849, 1373, 1144, 132, 4.22%, 0, 2, 4, 106.75
1563385988, 0, 849, 1378, 1149, 132, 4.22%, 0, 2, 4, 102.82
1563386004, 0, 849, 1379, 1150, 132, 4.22%, 0, 2, 4, 107.34
1563386070, 0, 849, 1380, 1151, 132, 4.22%, 0, 2, 4, 106.63
1563386111, 0, 849, 1381, 1152, 132, 4.22%, 0, 2, 4, 115.00
1563386161, 0, 851, 1381, 1151, 132, 4.22%, 0, 2, 4, 104.60
1563386167, 0, 851, 1388, 1158, 132, 4.22%, 0, 2, 4, 108.12
1563386212, 0, 851, 1391, 1161, 132, 4.22%, 0, 2, 4, 109.44
1563386268, 0, 851, 1392, 1162, 132, 4.22%, 0, 2, 4, 106.88
1563386279, 0, 851, 1393, 1163, 132, 4.22%, 0, 2, 4, 104.61
1563386294, 0, 851, 1395, 1165, 132, 4.22%, 0, 2, 4, 100.99
1563386330, 0, 851, 1397, 1167, 132, 4.22%, 0, 2, 4, 103.38
1563386345, 0, 851, 1398, 1168, 132, 4.22%, 0, 2, 4, 107.17
1563386350, 0, 851, 1399, 1169, 132, 4.22%, 0, 2, 4, 110.03
1563386355, 0, 858, 1399, 1168, 131, 4.22%, 0, 2, 4, 107.44
1563386386, 0, 859, 1399, 1167, 130, 4.22%, 0, 2, 4, 106.53
1563386620, 0, 859, 1400, 1168, 130, 4.22%, 0, 2, 4, 110.77
1563386625, 0, 861, 1400, 1167, 129, 4.22%, 0, 2, 4, 110.54
1563386859, 0, 861, 1401, 1168, 129, 4.22%, 0, 2, 4, 98.58
1563386864, 0, 861, 1403, 1170, 129, 4.22%, 0, 2, 4, 109.43
1563386875, 0, 862, 1403, 1169, 129, 4.22%, 0, 2, 4, 104.69
1563387108, 0, 866, 1403, 1168, 129, 4.22%, 0, 2, 4, 107.25
1563387113, 0, 866, 1409, 1174, 129, 4.22%, 0, 2, 4, 100.41
1563387129, 0, 866, 1410, 1175, 129, 4.22%, 0, 2, 4, 94.70
1563387190, 0, 866, 1411, 1176, 129, 4.22%, 0, 2, 4, 89.50
1563387226, 0, 866, 1412, 1177, 129, 4.23%, 0, 2, 4, 91.82
1563387277, 0, 866, 1414, 1179, 129, 4.23%, 0, 2, 4, 99.88
1563387283, 0, 866, 1418, 1183, 129, 4.23%, 0, 2, 4, 103.16
1563387288, 0, 866, 1419, 1184, 129, 4.23%, 0, 2, 4, 107.95
1563387293, 0, 866, 1420, 1185, 129, 4.23%, 0, 2, 4, 113.15
1563387298, 0, 866, 1422, 1187, 129, 4.23%, 0, 2, 4, 112.17
1563387308, 0, 866, 1423, 1188, 129, 4.23%, 0, 2, 4, 111.84
1563387313, 0, 866, 1424, 1189, 129, 4.23%, 0, 2, 4, 109.18
1563387318, 0, 866, 1425, 1190, 129, 4.23%, 0, 2, 4, 104.77
1563387323, 0, 866, 1427, 1192, 129, 4.23%, 0, 2, 4, 105.39
1563387328, 0, 866, 1428, 1193, 129, 4.23%, 0, 2, 4, 104.91
1563387339, 0, 872, 1428, 1192, 134, 4.23%, 0, 2, 4, 110.90
1563387542, 0, 883, 1428, 1191, 133, 4.23%, 0, 2, 4, 113.74
1563387675, 0, 886, 1428, 1190, 132, 4.23%, 0, 2, 4, 116.65
1563387889, 0, 900, 1428, 1189, 132, 4.23%, 0, 2, 4, 117.48
1563388059, 0, 910, 1428, 1188, 131, 4.23%, 0, 2, 4, 111.29
1563388064, 0, 910, 1429, 1189, 131, 4.23%, 0, 2, 4, 109.88
1563388150, 0, 910, 1430, 1190, 131, 4.23%, 0, 2, 4, 112.00
1563388160, 0, 910, 1433, 1193, 131, 4.23%, 0, 2, 4, 110.68
1563388165, 0, 910, 1435, 1195, 131, 4.23%, 0, 2, 4, 115.05
1563388181, 0, 910, 1436, 1196, 131, 4.23%, 0, 2, 4, 111.23
1563388186, 0, 910, 1437, 1197, 131, 4.23%, 0, 2, 4, 105.56
1563388201, 0, 915, 1437, 1196, 133, 4.23%, 0, 2, 4, 105.65
1563388360, 0, 917, 1437, 1195, 132, 4.23%, 0, 2, 4, 101.49
1563388472, 0, 919, 1437, 1194, 131, 4.23%, 0, 2, 4, 110.34
1563388598, 0, 921, 1438, 1194, 130, 4.23%, 0, 2, 4, 120.10
1563388726, 0, 921, 1439, 1195, 130, 4.23%, 0, 2, 4, 108.84
1563388777, 0, 923, 1439, 1194, 129, 4.23%, 0, 2, 4, 103.76
1563388863, 0, 923, 1440, 1195, 129, 4.23%, 0, 2, 4, 106.62
1563388954, 0, 925, 1440, 1194, 128, 4.23%, 0, 2, 4, 111.24
1563389123, 0, 926, 1440, 1193, 127, 4.23%, 0, 2, 4, 122.57
1563389128, 0, 926, 1442, 1195, 127, 4.23%, 0, 2, 4, 112.65
1563389133, 0, 926, 1444, 1197, 127, 4.23%, 0, 2, 4, 117.20
1563389235, 0, 926, 1446, 1199, 127, 4.23%, 0, 2, 4, 109.01
1563389240, 0, 926, 1447, 1200, 127, 4.23%, 0, 2, 4, 113.46
1563389265, 0, 926, 1449, 1202, 127, 4.23%, 0, 2, 4, 110.09
1563389291, 0, 936, 1449, 1201, 128, 4.23%, 0, 2, 4, 113.15
1563389415, 0, 939, 1449, 1200, 127, 4.23%, 0, 2, 4, 107.05
1563389592, 0, 939, 1450, 1201, 127, 4.23%, 0, 2, 5, 109.35
1563389598, 0, 939, 1452, 1203, 127, 4.23%, 0, 2, 5, 111.65
1563389608, 0, 939, 1453, 1204, 127, 4.23%, 0, 2, 5, 105.40
1563389618, 0, 939, 1454, 1205, 127, 4.23%, 0, 2, 5, 110.28
1563389639, 0, 939, 1455, 1206, 127, 4.23%, 0, 2, 5, 111.52
1563389644, 0, 939, 1456, 1207, 127, 4.23%, 0, 2, 5, 111.90
1563389649, 0, 940, 1456, 1206, 128, 4.23%, 0, 2, 5, 111.95
1563389816, 0, 942, 1456, 1205, 127, 4.23%, 0, 2, 5, 110.03
1563389821, 0, 942, 1461, 1210, 127, 4.24%, 0, 2, 5, 90.88
1563389826, 0, 942, 1462, 1211, 127, 4.24%, 0, 2, 5, 92.67
1563389831, 0, 942, 1463, 1212, 127, 4.24%, 0, 2, 5, 90.45
1563389872, 0, 942, 1464, 1213, 127, 4.24%, 0, 2, 5, 90.39
1563389908, 0, 942, 1466, 1215, 127, 4.25%, 0, 2, 5, 100.42
1563389954, 0, 950, 1466, 1214, 128, 4.25%, 0, 2, 5, 111.24
1563389990, 0, 950, 1467, 1215, 128, 4.25%, 0, 2, 5, 99.33
1563390132, 0, 952, 1467, 1214, 127, 4.25%, 0, 2, 5, 112.35
1563390320, 0, 953, 1467, 1213, 126, 4.25%, 0, 2, 5, 112.66
1563390427, 0, 953, 1469, 1215, 126, 4.25%, 0, 2, 5, 120.95
1563390433, 0, 955, 1469, 1214, 126, 4.25%, 0, 2, 5, 120.92
1563390438, 0, 955, 1470, 1215, 126, 4.25%, 0, 2, 5, 113.76
1563390463, 0, 955, 1472, 1217, 126, 4.26%, 0, 2, 5, 120.82
1563390560, 0, 959, 1472, 1216, 127, 4.26%, 0, 2, 5, 112.90
1563390591, 0, 959, 1473, 1217, 127, 4.27%, 0, 2, 5, 103.23
1563390693, 0, 960, 1473, 1216, 127, 4.27%, 0, 2, 5, 114.53
1563390819, 0, 960, 1474, 1217, 127, 4.27%, 0, 2, 5, 116.97
1563390824, 0, 960, 1475, 1218, 127, 4.27%, 0, 2, 5, 120.89
1563390830, 0, 961, 1475, 1217, 126, 4.27%, 0, 2, 5, 114.71
1563390957, 0, 962, 1475, 1216, 125, 4.27%, 0, 2, 5, 113.17
1563391088, 0, 962, 1476, 1217, 125, 4.27%, 0, 2, 5, 116.20
1563391094, 0, 967, 1476, 1216, 125, 4.27%, 0, 2, 5, 114.66
1563391139, 0, 969, 1476, 1215, 124, 4.27%, 0, 2, 5, 113.87
1563391144, 0, 969, 1477, 1216, 124, 4.27%, 0, 2, 5, 109.78
1563391165, 0, 969, 1479, 1218, 124, 4.31%, 0, 2, 5, 111.50
1563391267, 0, 973, 1480, 1218, 126, 4.31%, 0, 2, 5, 112.79
1563391338, 0, 973, 1481, 1219, 126, 4.31%, 0, 2, 5, 112.87
1563391349, 0, 973, 1482, 1220, 126, 4.31%, 0, 2, 5, 109.47
1563391359, 0, 975, 1483, 1220, 126, 4.31%, 0, 2, 5, 103.47
1563391389, 0, 975, 1484, 1221, 126, 4.31%, 0, 2, 5, 101.31
1563391522, 0, 975, 1486, 1223, 126, 4.31%, 0, 2, 5, 105.10
1563391542, 0, 975, 1488, 1225, 126, 4.31%, 0, 2, 5, 110.21
1563391553, 0, 975, 1489, 1226, 126, 4.31%, 0, 2, 5, 118.88
1563391563, 0, 975, 1490, 1227, 126, 4.31%, 0, 2, 5, 119.59
1563391599, 0, 977, 1490, 1226, 124, 4.31%, 0, 2, 5, 115.72
1563391625, 0, 977, 1491, 1227, 124, 4.31%, 0, 2, 5, 113.16
1563391737, 0, 978, 1491, 1226, 124, 4.31%, 0, 2, 5, 109.01
1563391742, 0, 978, 1492, 1227, 124, 4.31%, 0, 2, 5, 108.20
1563391798, 0, 978, 1493, 1228, 124, 4.31%, 0, 2, 5, 107.77
1563391895, 0, 982, 1493, 1227, 123, 4.31%, 0, 2, 5, 113.95
1563391905, 0, 982, 1494, 1228, 123, 4.31%, 0, 2, 5, 111.46
1563391915, 0, 982, 1495, 1229, 123, 4.31%, 0, 2, 5, 110.61
1563392098, 0, 982, 1497, 1231, 123, 4.31%, 0, 2, 5, 106.19
1563392118, 0, 983, 1497, 1230, 122, 4.31%, 0, 2, 5, 110.38
1563392139, 0, 983, 1498, 1231, 122, 4.31%, 0, 2, 5, 107.00
1563392174, 0, 983, 1499, 1232, 122, 4.31%, 0, 2, 5, 108.98
1563392261, 0, 984, 1499, 1231, 121, 4.31%, 0, 2, 5, 117.60
1563392287, 0, 984, 1500, 1232, 121, 4.31%, 0, 2, 5, 112.62
1563392323, 0, 984, 1504, 1236, 121, 4.33%, 0, 2, 5, 110.14
1563392358, 0, 985, 1504, 1235, 122, 4.33%, 0, 2, 5, 109.92
1563392470, 0, 985, 1505, 1236, 122, 4.33%, 0, 2, 5, 110.28
1563392480, 0, 989, 1505, 1235, 121, 4.33%, 0, 2, 5, 110.23
1563392654, 0, 1021, 1505, 1234, 120, 4.33%, 0, 2, 5, 108.26
1563392951, 0, 1021, 1506, 1235, 120, 4.33%, 0, 2, 5, 109.34
1563392956, 0, 1025, 1506, 1234, 119, 4.33%, 0, 2, 5, 106.99
1563393242, 0, 1030, 1506, 1233, 118, 4.33%, 0, 2, 5, 106.70
1563393298, 0, 1030, 1507, 1234, 118, 4.33%, 0, 2, 5, 106.70
1563393369, 0, 1030, 1508, 1235, 118, 4.33%, 0, 2, 5, 110.23
1563393518, 0, 1031, 1508, 1234, 118, 4.33%, 0, 2, 5, 115.83
1563393538, 0, 1031, 1509, 1235, 118, 4.33%, 0, 2, 5, 111.82
1563393634, 0, 1031, 1510, 1236, 118, 4.35%, 0, 2, 5, 110.89
1563393732, 0, 1041, 1510, 1235, 117, 4.35%, 0, 2, 5, 106.24
1563393757, 0, 1041, 1511, 1236, 117, 4.35%, 0, 2, 5, 100.03
1563393788, 0, 1041, 1512, 1237, 117, 4.35%, 0, 2, 5, 103.69
1563393813, 0, 1041, 1514, 1239, 117, 4.35%, 0, 2, 5, 104.74
1563393864, 0, 1041, 1515, 1240, 117, 4.35%, 0, 2, 5, 104.89
1563393971, 0, 1041, 1516, 1241, 117, 4.35%, 0, 2, 5, 102.63
1563393976, 0, 1043, 1516, 1240, 116, 4.35%, 0, 2, 5, 110.96
1563394002, 0, 1043, 1526, 1250, 116, 4.41%, 0, 2, 5, 104.48
1563394032, 0, 1043, 1529, 1253, 116, 4.41%, 0, 2, 5, 100.01
1563394068, 0, 1043, 1530, 1254, 116, 4.41%, 0, 2, 5, 110.20
1563394119, 0, 1043, 1531, 1255, 116, 4.41%, 0, 2, 5, 121.37
1563394226, 0, 1043, 1532, 1256, 116, 4.41%, 0, 2, 5, 103.20
1563394246, 0, 1053, 1532, 1255, 118, 4.41%, 0, 2, 5, 111.18
1563394338, 0, 1054, 1532, 1254, 117, 4.41%, 0, 2, 5, 122.10
1563394430, 0, 1056, 1532, 1253, 116, 4.41%, 0, 2, 5, 108.52
1563394563, 0, 1057, 1534, 1254, 115, 4.41%, 0, 2, 5, 110.03
1563394588, 0, 1057, 1535, 1255, 115, 4.42%, 0, 2, 5, 115.14
1563394618, 0, 1057, 1536, 1256, 115, 4.42%, 0, 2, 5, 112.15
1563394624, 0, 1057, 1537, 1257, 115, 4.42%, 0, 2, 5, 113.44
1563394705, 0, 1057, 1538, 1258, 115, 4.42%, 0, 2, 5, 112.09
1563394715, 0, 1057, 1540, 1260, 115, 4.42%, 0, 2, 5, 112.61
1563394751, 0, 1057, 1541, 1261, 115, 4.42%, 0, 2, 5, 110.84
1563394797, 0, 1057, 1543, 1263, 115, 4.42%, 0, 2, 5, 116.04
1563394802, 0, 1057, 1545, 1265, 115, 4.42%, 0, 2, 5, 117.70
1563394807, 0, 1057, 1546, 1266, 115, 4.42%, 0, 2, 5, 118.42
1563394817, 0, 1057, 1547, 1267, 115, 4.42%, 0, 2, 5, 110.93
1563394832, 0, 1057, 1548, 1268, 115, 4.42%, 0, 2, 5, 109.88
1563394853, 0, 1078, 1548, 1267, 116, 4.42%, 0, 2, 5, 115.15
1563394914, 0, 1078, 1549, 1268, 116, 4.42%, 0, 2, 5, 114.09
1563394995, 0, 1078, 1552, 1271, 116, 4.42%, 0, 2, 5, 114.46
1563395066, 0, 1095, 1552, 1270, 116, 4.42%, 0, 2, 5, 105.04
1563395265, 0, 1096, 1552, 1269, 115, 4.42%, 0, 2, 5, 107.38
1563395332, 0, 1096, 1553, 1270, 115, 4.42%, 0, 2, 5, 106.07
1563395454, 0, 1099, 1553, 1269, 114, 4.42%, 0, 2, 5, 111.93
1563395683, 0, 1102, 1553, 1268, 113, 4.42%, 0, 2, 5, 112.38
1563395974, 0, 1105, 1553, 1267, 112, 4.42%, 0, 2, 5, 101.87
1563396327, 0, 1105, 1554, 1268, 112, 4.42%, 0, 2, 5, 102.68
1563396332, 0, 1105, 1555, 1269, 112, 4.42%, 0, 2, 5, 103.32
1563396342, 0, 1108, 1555, 1268, 111, 4.42%, 0, 2, 5, 103.00
1563396638, 0, 1109, 1555, 1267, 110, 4.42%, 0, 2, 5, 104.85
1563396940, 0, 1114, 1555, 1266, 109, 4.42%, 0, 2, 5, 103.24
1563397251, 0, 1118, 1555, 1265, 109, 4.42%, 0, 2, 5, 105.16
1563397557, 0, 1120, 1555, 1264, 108, 4.42%, 0, 2, 5, 107.04
1563397863, 0, 1121, 1555, 1263, 107, 4.42%, 0, 2, 5, 107.80
1563398051, 0, 1124, 1555, 1262, 106, 4.42%, 0, 2, 5, 111.44
1563398245, 0, 1125, 1555, 1261, 105, 4.42%, 0, 2, 5, 105.06
1563398250, 0, 1125, 1556, 1262, 105, 4.42%, 0, 2, 5, 111.14
1563398428, 0, 1126, 1556, 1261, 105, 4.42%, 0, 2, 5, 102.81
1563398632, 0, 1134, 1556, 1260, 104, 4.42%, 0, 2, 5, 102.81
1563398658, 0, 1134, 1557, 1261, 104, 4.42%, 0, 2, 5, 104.62
1563398886, 0, 1138, 1557, 1260, 103, 4.42%, 0, 2, 5, 104.08
1563398912, 0, 1138, 1561, 1264, 103, 4.42%, 0, 2, 5, 101.11
1563398917, 0, 1138, 1562, 1265, 103, 4.42%, 0, 2, 5, 105.47
1563398968, 0, 1138, 1563, 1266, 103, 4.42%, 0, 2, 5, 99.37
1563399018, 0, 1138, 1564, 1267, 103, 4.42%, 0, 2, 5, 112.97
1563399054, 0, 1138, 1565, 1268, 103, 4.42%, 0, 2, 5, 107.11
1563399146, 0, 1139, 1565, 1267, 102, 4.42%, 0, 2, 5, 107.99
1563399166, 0, 1139, 1566, 1268, 102, 4.42%, 0, 2, 5, 109.68
1563399273, 0, 1139, 1567, 1269, 102, 4.42%, 0, 2, 5, 107.75
1563399338, 0, 1139, 1568, 1270, 102, 4.42%, 0, 2, 5, 100.81
1563399404, 0, 1141, 1568, 1269, 101, 4.42%, 0, 2, 5, 105.12
1563399435, 0, 1141, 1569, 1270, 101, 4.42%, 0, 2, 5, 108.34
1563399582, 0, 1141, 1570, 1271, 101, 4.42%, 0, 2, 5, 99.01
1563399618, 0, 1141, 1571, 1272, 101, 4.42%, 0, 2, 5, 17.39
1563399628, 0, 1141, 1572, 1273, 101, 4.42%, 0, 2, 5, 118.78
1563399643, 0, 1148, 1573, 1273, 101, 4.42%, 0, 2, 5, 105.78
1563399669, 0, 1148, 1574, 1274, 101, 4.42%, 0, 2, 5, 100.54
1563399888, 0, 1154, 1574, 1273, 100, 4.42%, 0, 2, 5, 103.79
1563399913, 0, 1154, 1576, 1275, 100, 4.43%, 0, 2, 5, 101.40
1563399944, 0, 1154, 1579, 1278, 100, 4.43%, 0, 2, 5, 89.61
1563400149, 0, 1154, 1580, 1279, 100, 4.43%, 0, 2, 5, 94.85
1563400237, 0, 1165, 1580, 1278, 100, 4.43%, 0, 2, 5, 102.55
1563400262, 0, 1165, 1583, 1281, 100, 4.43%, 0, 2, 5, 94.76
1563400329, 0, 1165, 1584, 1282, 100, 4.43%, 0, 2, 5, 94.25
1563400442, 0, 1165, 1585, 1283, 100, 4.43%, 0, 2, 5, 97.62
1563400462, 0, 1165, 1586, 1284, 100, 4.43%, 0, 2, 5, 92.51
1563400488, 0, 1165, 1587, 1285, 100, 4.43%, 0, 2, 5, 96.16
1563400493, 0, 1165, 1589, 1287, 100, 4.43%, 0, 2, 5, 93.17
1563400555, 0, 1165, 1590, 1288, 100, 4.43%, 0, 2, 5, 91.19
1563400591, 0, 1171, 1590, 1287, 100, 4.43%, 0, 2, 5, 107.71
1563400856, 0, 1182, 1590, 1286, 99, 4.43%, 0, 2, 5, 107.21
1563401090, 0, 1187, 1590, 1285, 98, 4.43%, 0, 2, 5, 110.91
1563401111, 0, 1187, 1591, 1286, 98, 4.43%, 0, 2, 5, 19.90
1563401167, 0, 1187, 1592, 1287, 98, 4.43%, 0, 2, 5, 117.18
1563401330, 0, 1187, 1593, 1288, 98, 4.43%, 0, 2, 5, 60.99
1563401335, 0, 1187, 1597, 1292, 98, 4.45%, 0, 2, 5, 107.50
1563401340, 0, 1190, 1597, 1291, 102, 4.45%, 0, 2, 5, 116.81
1563401371, 0, 1190, 1598, 1292, 102, 4.45%, 0, 2, 5, 111.17
1563401472, 0, 1190, 1599, 1293, 102, 4.45%, 0, 2, 5, 112.42
1563401528, 0, 1190, 1600, 1294, 102, 4.45%, 0, 2, 5, 118.45
1563401579, 0, 1191, 1600, 1293, 102, 4.45%, 0, 2, 5, 109.66
1563401706, 0, 1191, 1601, 1294, 102, 4.45%, 0, 2, 5, 110.42
1563401813, 0, 1193, 1601, 1293, 102, 4.45%, 0, 2, 5, 102.55
1563402052, 0, 1194, 1601, 1292, 101, 4.45%, 0, 2, 5, 106.55
1563402291, 0, 1195, 1601, 1291, 100, 4.45%, 0, 2, 5, 106.05
1563402531, 0, 1201, 1601, 1290, 99, 4.45%, 0, 2, 5, 109.10
1563402536, 0, 1201, 1602, 1291, 99, 4.45%, 0, 2, 5, 106.59
1563402597, 0, 1201, 1602, 1291, 99, 4.45%, 0, 3, 5, 2.19
1563402602, 0, 1201, 1602, 1291, 99, 4.45%, 0, 4, 5, 88.95
1563402638, 0, 1201, 1603, 1292, 99, 4.45%, 0, 4, 5, 109.85
1563402877, 0, 1201, 1607, 1296, 99, 4.46%, 0, 4, 5, 93.36
1563402917, 0, 1201, 1613, 1302, 99, 4.50%, 0, 4, 5, 90.84
1563402974, 0, 1201, 1614, 1303, 99, 4.50%, 0, 4, 5, 109.93
1563402979, 0, 1201, 1616, 1305, 99, 4.50%, 0, 4, 5, 111.55
1563402989, 0, 1201, 1618, 1307, 99, 4.50%, 0, 4, 5, 107.64
1563402994, 0, 1201, 1621, 1310, 99, 4.51%, 0, 4, 5, 108.32
1563402999, 0, 1201, 1623, 1312, 99, 4.51%, 0, 4, 5, 110.59
1563403004, 0, 1201, 1625, 1314, 99, 4.54%, 0, 4, 5, 113.67
1563403020, 0, 1201, 1626, 1315, 99, 4.54%, 0, 4, 5, 108.64
1563403035, 0, 1206, 1626, 1314, 104, 4.54%, 0, 4, 5, 102.80
1563403060, 0, 1206, 1627, 1315, 104, 4.54%, 0, 4, 5, 101.50
1563403305, 0, 1207, 1627, 1314, 103, 4.54%, 0, 4, 5, 110.96
1563403560, 0, 1215, 1627, 1313, 102, 4.54%, 0, 4, 5, 107.13
1563403814, 0, 1216, 1627, 1312, 101, 4.54%, 0, 4, 5, 103.35
1563404079, 0, 1217, 1627, 1311, 100, 4.54%, 0, 4, 5, 107.84
1563404349, 0, 1220, 1627, 1310, 99, 4.54%, 0, 4, 5, 106.82
1563404496, 0, 1232, 1627, 1309, 98, 4.54%, 0, 4, 5, 107.25
1563404567, 0, 1236, 1627, 1308, 97, 4.54%, 0, 4, 5, 107.15
1563404685, 0, 1237, 1627, 1307, 96, 4.54%, 0, 4, 5, 106.30
1563404812, 0, 1238, 1627, 1306, 95, 4.54%, 0, 4, 5, 109.79
1563404934, 0, 1238, 1628, 1307, 95, 4.54%, 0, 4, 5, 116.54
1563404940, 0, 1243, 1630, 1308, 94, 4.54%, 0, 4, 5, 114.35
1563404960, 0, 1243, 1631, 1309, 94, 4.54%, 0, 4, 5, 115.25
1563405026, 0, 1243, 1632, 1310, 94, 4.54%, 0, 4, 5, 115.80
1563405077, 0, 1243, 1633, 1311, 94, 4.54%, 0, 4, 5, 113.51
1563405082, 0, 1245, 1633, 1310, 93, 4.54%, 0, 4, 5, 118.10
1563405219, 0, 1245, 1634, 1311, 93, 4.54%, 0, 4, 5, 117.30
1563405229, 0, 1246, 1634, 1310, 93, 4.54%, 0, 4, 5, 120.59
1563405368, 0, 1247, 1639, 1314, 92, 4.56%, 0, 4, 5, 131.14
1563405383, 0, 1247, 1640, 1315, 92, 4.56%, 0, 4, 5, 116.65
1563405485, 0, 1247, 1641, 1316, 92, 4.56%, 0, 4, 5, 116.22
1563405511, 0, 1247, 1642, 1317, 92, 4.56%, 0, 4, 5, 113.05
1563405516, 0, 1247, 1644, 1319, 92, 4.56%, 0, 4, 5, 117.55
1563405526, 0, 1250, 1644, 1318, 94, 4.56%, 0, 4, 5, 114.78
1563405726, 0, 1260, 1644, 1317, 93, 4.56%, 0, 4, 5, 112.52
1563405913, 0, 1264, 1644, 1316, 92, 4.56%, 0, 4, 5, 116.63
1563406102, 0, 1266, 1644, 1315, 91, 4.56%, 0, 4, 5, 111.43
1563406107, 0, 1266, 1645, 1316, 91, 4.56%, 0, 4, 5, 106.42
1563406122, 0, 1266, 1646, 1317, 91, 4.56%, 0, 4, 5, 109.35
1563406127, 0, 1266, 1647, 1318, 91, 4.56%, 0, 4, 5, 114.18
1563406372, 0, 1268, 1647, 1317, 91, 4.56%, 0, 4, 5, 111.44
1563406393, 0, 1268, 1648, 1318, 91, 4.56%, 0, 4, 5, 102.92
1563406652, 0, 1271, 1648, 1317, 90, 4.56%, 0, 4, 5, 112.83
1563406677, 0, 1271, 1651, 1320, 90, 4.56%, 0, 4, 5, 109.46
1563406940, 0, 1279, 1651, 1319, 90, 4.56%, 0, 4, 5, 113.78
1563407072, 0, 1279, 1652, 1320, 90, 4.56%, 0, 4, 5, 116.28
1563407078, 0, 1282, 1652, 1319, 89, 4.56%, 0, 4, 5, 114.03
1563407205, 0, 1283, 1652, 1318, 88, 4.56%, 0, 4, 5, 127.92
1563407389, 0, 1290, 1652, 1317, 87, 4.56%, 0, 4, 5, 114.54
1563407521, 0, 1295, 1652, 1316, 86, 4.56%, 0, 4, 5, 112.70
1563407562, 0, 1295, 1653, 1317, 86, 4.56%, 0, 4, 5, 122.83
1563407638, 0, 1295, 1654, 1318, 86, 4.56%, 0, 4, 5, 111.26
1563407654, 0, 1308, 1654, 1317, 87, 4.56%, 0, 4, 5, 114.60
1563407736, 0, 1308, 1655, 1318, 87, 4.56%, 0, 4, 5, 112.93
1563407776, 0, 1309, 1655, 1317, 87, 4.56%, 0, 4, 5, 115.03
1563407940, 0, 1310, 1655, 1316, 86, 4.56%, 0, 4, 5, 130.32
1563407945, 0, 1310, 1656, 1317, 86, 4.56%, 0, 4, 5, 129.35
1563407996, 0, 1310, 1657, 1318, 86, 4.56%, 0, 4, 5, 119.98
1563408047, 0, 1310, 1658, 1319, 86, 4.56%, 0, 4, 5, 120.13
1563408052, 0, 1310, 1659, 1320, 86, 4.56%, 0, 4, 5, 118.56
1563408062, 0, 1310, 1660, 1321, 86, 4.56%, 0, 4, 5, 120.57
1563408078, 0, 1315, 1660, 1320, 86, 4.56%, 0, 4, 5, 114.15
1563408235, 0, 1332, 1660, 1319, 85, 4.56%, 0, 4, 5, 111.00
1563408454, 0, 1336, 1660, 1318, 84, 4.56%, 0, 4, 5, 107.89
1563408459, 0, 1336, 1661, 1319, 84, 4.56%, 0, 4, 5, 104.71
1563408566, 0, 1336, 1662, 1320, 84, 4.56%, 0, 4, 5, 100.93
1563408836, 0, 1336, 1664, 1322, 84, 4.56%, 0, 4, 5, 113.09
1563408847, 0, 1336, 1666, 1324, 84, 4.56%, 0, 4, 5, 107.32
1563408852, 0, 1336, 1668, 1326, 84, 4.56%, 0, 4, 5, 111.48
1563408857, 0, 1336, 1669, 1327, 84, 4.56%, 0, 4, 5, 115.28
1563408867, 0, 1336, 1670, 1328, 84, 4.56%, 0, 4, 5, 113.55
1563408877, 0, 1338, 1671, 1328, 86, 4.56%, 0, 4, 5, 114.80
1563409030, 0, 1341, 1671, 1327, 85, 4.56%, 0, 4, 5, 107.83
1563409041, 0, 1341, 1672, 1328, 85, 4.56%, 0, 4, 5, 103.98
1563409223, 0, 1341, 1673, 1329, 85, 4.56%, 0, 4, 5, 111.99
1563409228, 0, 1341, 1674, 1330, 85, 4.56%, 0, 4, 5, 124.33
1563409239, 0, 1344, 1674, 1329, 85, 4.56%, 0, 4, 5, 125.38
1563409326, 0, 1344, 1675, 1330, 85, 4.56%, 0, 4, 5, 122.08
1563409331, 0, 1368, 1675, 1329, 84, 4.56%, 0, 4, 5, 124.44
1563409336, 0, 1368, 1677, 1331, 84, 4.56%, 0, 4, 5, 120.59
1563409361, 0, 1368, 1678, 1332, 84, 4.56%, 0, 4, 5, 119.27
1563409438, 0, 1368, 1682, 1336, 84, 4.57%, 0, 4, 5, 113.55
1563409463, 0, 1368, 1683, 1337, 84, 4.57%, 0, 4, 5, 117.29
1563409493, 0, 1369, 1685, 1338, 84, 4.57%, 0, 4, 5, 109.40
1563409498, 0, 1369, 1686, 1339, 84, 4.57%, 0, 4, 5, 104.23
1563409508, 0, 1369, 1687, 1340, 84, 4.57%, 0, 4, 5, 106.63
1563409652, 0, 1369, 1688, 1341, 84, 4.57%, 0, 4, 5, 118.26
1563409657, 0, 1369, 1689, 1342, 84, 4.57%, 0, 4, 5, 126.66
1563409662, 0, 1369, 1690, 1343, 84, 4.57%, 0, 4, 5, 128.36
1563409667, 0, 1369, 1691, 1344, 84, 4.57%, 0, 4, 5, 124.53
1563409693, 0, 1369, 1692, 1345, 84, 4.57%, 0, 4, 5, 109.95
1563409703, 0, 1369, 1695, 1348, 84, 4.57%, 0, 4, 5, 116.70
1563409708, 0, 1404, 1695, 1347, 84, 4.57%, 0, 4, 5, 115.61
1563409764, 0, 1404, 1696, 1348, 84, 4.57%, 0, 4, 5, 114.58
1563409931, 0, 1415, 1697, 1348, 81, 4.57%, 0, 4, 5, 112.86
1563409977, 0, 1415, 1698, 1349, 81, 4.57%, 0, 4, 5, 112.65
1563410119, 0, 1417, 1698, 1348, 78, 4.57%, 0, 4, 5, 106.45
1563410156, 0, 1417, 1699, 1349, 78, 4.57%, 0, 4, 5, 72.71
1563410417, 0, 1417, 1700, 1350, 78, 4.57%, 0, 4, 5, 86.77
1563410459, 0, 1417, 1701, 1351, 78, 4.57%, 0, 4, 5, 90.32
1563410556, 0, 1420, 1701, 1350, 78, 4.57%, 0, 4, 5, 91.92
1563410582, 0, 1420, 1702, 1351, 78, 4.57%, 0, 4, 5, 87.57
1563410633, 0, 1420, 1703, 1352, 78, 4.57%, 0, 4, 5, 98.32
1563410638, 0, 1420, 1704, 1353, 78, 4.57%, 0, 4, 5, 96.57
1563410766, 0, 1420, 1706, 1355, 78, 4.57%, 0, 4, 5, 100.54
1563410771, 0, 1420, 1708, 1357, 78, 4.57%, 0, 4, 5, 110.30
1563410776, 0, 1420, 1709, 1358, 78, 4.57%, 0, 4, 5, 113.73
1563410781, 0, 1420, 1710, 1359, 78, 4.57%, 0, 4, 5, 101.85
1563410787, 0, 1420, 1711, 1360, 78, 4.57%, 0, 4, 5, 102.50
1563410812, 0, 1420, 1713, 1362, 78, 4.57%, 0, 4, 5, 118.96
1563410822, 0, 1420, 1714, 1363, 78, 4.57%, 0, 4, 5, 119.83
1563410828, 0, 1428, 1714, 1362, 80, 4.57%, 0, 4, 5, 117.27
1563410985, 0, 1428, 1715, 1363, 80, 4.57%, 0, 4, 5, 104.31
1563411011, 0, 1455, 1715, 1362, 78, 4.57%, 0, 4, 5, 122.91
1563411041, 0, 1455, 1716, 1363, 78, 4.57%, 0, 4, 6, 118.58
1563411133, 0, 1455, 1717, 1364, 78, 4.57%, 0, 4, 6, 112.36
1563411200, 0, 1462, 1717, 1363, 79, 4.57%, 0, 4, 6, 100.31
1563411287, 0, 1462, 1718, 1364, 79, 4.57%, 0, 4, 6, 99.08
1563411328, 0, 1462, 1719, 1365, 79, 4.57%, 0, 4, 6, 108.03
1563411333, 0, 1465, 1719, 1364, 78, 4.57%, 0, 4, 6, 105.30
1563411379, 0, 1465, 1720, 1365, 78, 4.63%, 0, 4, 6, 92.11
1563411471, 0, 1470, 1720, 1364, 79, 4.63%, 0, 4, 6, 105.84
1563411477, 0, 1470, 1721, 1365, 79, 4.64%, 0, 4, 6, 111.60
1563411599, 0, 1470, 1722, 1366, 79, 4.64%, 0, 4, 6, 112.90
1563411604, 0, 1471, 1722, 1365, 79, 4.64%, 0, 4, 6, 112.56
1563411726, 0, 1472, 1722, 1364, 78, 4.64%, 0, 4, 6, 116.18
1563411853, 0, 1472, 1723, 1365, 78, 4.64%, 0, 4, 6, 115.54
1563411858, 0, 1476, 1723, 1364, 77, 4.64%, 0, 4, 6, 111.03
1563411986, 0, 1477, 1727, 1367, 76, 4.64%, 0, 4, 6, 112.11
1563411991, 0, 1477, 1728, 1368, 76, 4.64%, 0, 4, 6, 111.37
1563412012, 0, 1477, 1729, 1369, 76, 4.64%, 0, 4, 6, 104.01
1563412109, 0, 1478, 1729, 1368, 78, 4.64%, 0, 4, 6, 115.21
1563412114, 0, 1478, 1732, 1371, 78, 4.64%, 0, 4, 6, 112.82
1563412119, 0, 1478, 1733, 1372, 78, 4.64%, 0, 4, 6, 108.94
1563412139, 0, 1478, 1736, 1375, 78, 4.64%, 0, 4, 6, 109.62
1563412241, 0, 1480, 1737, 1375, 78, 4.64%, 0, 4, 6, 117.46
1563412261, 0, 1480, 1740, 1378, 78, 4.65%, 0, 4, 6, 119.63
1563412317, 0, 1480, 1741, 1379, 78, 4.65%, 0, 4, 6, 107.44
1563412338, 0, 1485, 1741, 1378, 78, 4.65%, 0, 4, 6, 102.58
1563412527, 0, 1488, 1741, 1377, 77, 4.65%, 0, 4, 6, 117.88
1563412537, 0, 1488, 1742, 1378, 77, 4.65%, 0, 4, 6, 116.68
1563412542, 0, 1488, 1743, 1379, 77, 4.65%, 0, 4, 6, 111.98
1563412567, 0, 1488, 1744, 1380, 77, 4.65%, 0, 4, 6, 103.56
1563412699, 0, 1490, 1744, 1379, 77, 4.65%, 0, 4, 6, 113.06
1563412715, 0, 1490, 1745, 1380, 77, 4.66%, 0, 4, 6, 121.43
1563412730, 0, 1490, 1751, 1386, 77, 4.67%, 0, 4, 6, 115.81
1563412740, 0, 1497, 1752, 1386, 80, 4.68%, 0, 4, 6, 113.95
1563412898, 0, 1500, 1752, 1385, 79, 4.68%, 0, 4, 6, 117.41
1563412903, 0, 1500, 1753, 1386, 79, 4.68%, 0, 4, 6, 112.64
1563412990, 0, 1501, 1753, 1385, 78, 4.68%, 0, 4, 6, 115.16
1563412995, 0, 1501, 1754, 1386, 78, 4.68%, 0, 4, 6, 109.58
1563413000, 0, 1501, 1755, 1387, 78, 4.68%, 0, 4, 6, 111.57
1563413087, 0, 1502, 1755, 1386, 78, 4.68%, 0, 4, 6, 116.58
1563413178, 0, 1502, 1756, 1387, 78, 4.68%, 0, 4, 6, 111.31
1563413183, 0, 1505, 1756, 1386, 79, 4.68%, 0, 4, 6, 114.18
1563413412, 0, 1505, 1758, 1388, 79, 4.68%, 0, 4, 6, 108.00
1563413463, 0, 1509, 1758, 1387, 79, 4.68%, 0, 4, 6, 108.22
1563413483, 0, 1509, 1760, 1389, 79, 4.68%, 0, 4, 6, 106.67
1563413580, 0, 1509, 1761, 1390, 79, 4.68%, 0, 4, 6, 110.11
1563413585, 0, 1509, 1762, 1391, 79, 4.68%, 0, 4, 6, 111.40
1563413687, 0, 1516, 1762, 1390, 77, 4.68%, 0, 4, 6, 123.47
1563413733, 0, 1516, 1763, 1391, 77, 4.68%, 0, 4, 6, 110.81
1563413799, 0, 1516, 1764, 1392, 77, 4.68%, 0, 4, 6, 122.42
1563413891, 0, 1530, 1764, 1391, 76, 4.68%, 0, 4, 6, 109.47
1563413921, 0, 1530, 1765, 1392, 76, 4.68%, 0, 4, 6, 90.22
1563413988, 0, 1530, 1766, 1393, 76, 4.68%, 0, 4, 6, 105.65
1563414039, 0, 1530, 1767, 1394, 76, 4.68%, 0, 4, 6, 108.80
1563414233, 0, 1537, 1767, 1393, 75, 4.68%, 0, 4, 6, 109.99
1563414254, 0, 1537, 1768, 1394, 75, 4.68%, 0, 4, 6, 112.83
1563414305, 0, 1537, 1769, 1395, 75, 4.68%, 0, 4, 6, 109.97
1563414397, 0, 1537, 1770, 1396, 75, 4.68%, 0, 4, 6, 112.44
1563414437, 0, 1537, 1771, 1397, 75, 4.68%, 0, 4, 6, 105.13
1563414478, 0, 1540, 1772, 1397, 76, 4.68%, 0, 4, 6, 98.72
1563414483, 0, 1540, 1773, 1398, 76, 4.68%, 0, 4, 6, 99.72
1563414677, 0, 1540, 1774, 1399, 76, 4.68%, 0, 4, 6, 106.76
1563414723, 0, 1544, 1774, 1398, 76, 4.68%, 0, 4, 6, 110.24
1563414728, 0, 1544, 1776, 1400, 76, 4.68%, 0, 4, 6, 112.28
1563414743, 0, 1544, 1777, 1401, 76, 4.68%, 0, 4, 6, 111.19
1563414758, 0, 1544, 1778, 1402, 76, 4.68%, 0, 4, 6, 112.55
1563414789, 0, 1544, 1780, 1404, 76, 4.68%, 0, 4, 6, 109.34
1563415064, 0, 1544, 1781, 1405, 76, 4.68%, 0, 4, 6, 112.30
1563415069, 0, 1550, 1781, 1404, 76, 4.68%, 0, 4, 6, 111.74
