# unix_time, cycles_done, cur_path, paths_total, pending_total, pending_favs, map_size, unique_crashes, unique_hangs, max_depth, execs_per_sec
1563354538, 0, 0, 2, 2, 2, 0.47%, 0, 0, 1, 98.16
1563354543, 0, 0, 19, 19, 2, 0.65%, 0, 0, 2, 103.77
1563354548, 0, 0, 42, 42, 2, 0.80%, 0, 0, 2, 103.76
1563354553, 0, 0, 43, 43, 2, 0.81%, 0, 0, 2, 102.60
1563354568, 0, 0, 62, 62, 2, 1.00%, 0, 0, 2, 98.32
1563354573, 0, 0, 77, 77, 2, 1.03%, 0, 0, 2, 99.31
1563354579, 0, 0, 88, 88, 2, 1.18%, 0, 0, 2, 99.31
1563354584, 0, 0, 94, 94, 2, 1.21%, 0, 0, 2, 99.91
1563354599, 0, 0, 104, 104, 2, 1.28%, 0, 0, 2, 103.86
1563354604, 0, 0, 113, 113, 2, 1.30%, 0, 0, 2, 110.52
1563354609, 0, 0, 118, 118, 2, 1.33%, 0, 0, 2, 112.88
1563354614, 0, 0, 121, 121, 2, 1.33%, 0, 0, 2, 111.77
1563354629, 0, 0, 127, 127, 2, 1.35%, 0, 0, 2, 106.95
1563354634, 0, 0, 128, 128, 2, 1.35%, 0, 0, 2, 109.27
1563354639, 0, 0, 132, 132, 2, 1.35%, 0, 0, 2, 106.14
1563354650, 0, 0, 136, 136, 2, 1.37%, 0, 0, 2, 112.58
1563354655, 0, 0, 141, 141, 2, 1.51%, 0, 0, 2, 114.64
1563354660, 0, 0, 147, 147, 2, 1.59%, 0, 0, 2, 113.97
1563354665, 0, 0, 148, 148, 2, 1.59%, 0, 0, 2, 113.12
1563354675, 0, 0, 162, 162, 2, 1.81%, 0, 0, 2, 116.51
1563354680, 0, 0, 164, 164, 2, 1.81%, 0, 0, 2, 111.40
1563354690, 0, 0, 166, 166, 2, 1.84%, 0, 0, 2, 109.75
1563354695, 0, 0, 174, 174, 2, 1.90%, 0, 0, 2, 105.77
1563354700, 0, 0, 178, 178, 2, 1.91%, 0, 0, 2, 108.26
1563354711, 0, 0, 180, 180, 2, 1.94%, 0, 0, 2, 120.17
1563354721, 0, 0, 181, 181, 2, 1.94%, 0, 0, 2, 113.32
1563354741, 0, 0, 187, 187, 2, 1.95%, 0, 0, 2, 114.23
1563354746, 0, 0, 188, 188, 2, 1.97%, 0, 0, 2, 109.94
1563354751, 0, 0, 190, 190, 2, 1.98%, 0, 0, 2, 106.83
1563354756, 0, 0, 194, 194, 2, 1.98%, 0, 0, 2, 105.70
1563354761, 0, 0, 198, 198, 2, 2.00%, 0, 0, 2, 109.28
1563354766, 0, 0, 200, 200, 2, 2.00%, 0, 0, 2, 109.72
1563354772, 0, 0, 201, 201, 2, 2.00%, 0, 0, 2, 107.22
1563354787, 0, 0, 203, 203, 2, 2.00%, 0, 0, 2, 101.11
1563354792, 0, 0, 206, 206, 2, 2.00%, 0, 0, 2, 99.80
1563354797, 0, 0, 207, 207, 2, 2.00%, 0, 0, 2, 95.47
1563354807, 0, 0, 212, 212, 2, 2.02%, 0, 0, 2, 102.49
1563354817, 0, 0, 214, 214, 2, 2.02%, 0, 0, 2, 104.09
1563354822, 0, 0, 217, 217, 2, 2.02%, 0, 0, 2, 86.94
1563354838, 0, 0, 225, 225, 2, 2.03%, 0, 0, 2, 103.73
1563354843, 0, 0, 233, 233, 2, 2.06%, 0, 0, 2, 108.65
1563354848, 0, 0, 239, 239, 2, 2.10%, 0, 0, 2, 110.06
1563354853, 0, 0, 241, 241, 2, 2.10%, 0, 0, 2, 109.15
1563354858, 0, 0, 246, 246, 2, 2.10%, 0, 0, 2, 105.28
1563354864, 0, 0, 249, 249, 2, 2.10%, 0, 0, 2, 107.28
1563354869, 0, 0, 252, 252, 2, 2.11%, 0, 0, 2, 103.87
1563354874, 0, 0, 255, 255, 2, 2.13%, 0, 0, 2, 103.64
1563354879, 0, 0, 259, 259, 2, 2.13%, 0, 0, 2, 100.92
1563354884, 0, 0, 263, 263, 2, 2.18%, 0, 0, 2, 100.84
1563354889, 0, 0, 266, 266, 2, 2.19%, 0, 0, 2, 107.91
1563354894, 0, 0, 269, 269, 2, 2.19%, 0, 0, 2, 105.86
1563354899, 0, 0, 272, 272, 2, 2.19%, 0, 0, 2, 106.68
1563354904, 0, 0, 278, 278, 2, 2.20%, 0, 0, 2, 106.83
1563354910, 0, 0, 281, 281, 2, 2.21%, 0, 0, 2, 107.48
1563354915, 0, 0, 283, 283, 2, 2.21%, 0, 0, 2, 112.45
1563354920, 0, 0, 288, 288, 2, 2.21%, 0, 0, 2, 111.68
1563354925, 0, 0, 289, 289, 2, 2.21%, 0, 0, 2, 120.40
1563354930, 0, 0, 290, 290, 2, 2.26%, 0, 0, 2, 124.91
1563354935, 0, 0, 293, 293, 2, 2.26%, 0, 0, 2, 112.84
1563354940, 0, 0, 295, 295, 2, 2.26%, 0, 0, 2, 110.16
1563354945, 0, 0, 298, 298, 2, 2.26%, 0, 0, 2, 111.61
1563354955, 0, 0, 299, 299, 2, 2.27%, 0, 0, 2, 109.46
1563354960, 0, 0, 305, 305, 2, 2.28%, 0, 0, 2, 107.06
1563354965, 0, 0, 310, 310, 2, 2.29%, 0, 0, 2, 108.51
1563354970, 0, 0, 312, 312, 2, 2.29%, 0, 0, 2, 109.14
1563354975, 0, 0, 314, 314, 2, 2.29%, 0, 0, 2, 108.22
1563354981, 0, 0, 316, 316, 2, 2.29%, 0, 0, 2, 106.51
1563354986, 0, 0, 317, 317, 2, 2.30%, 0, 0, 2, 107.78
1563354991, 0, 0, 320, 320, 2, 2.30%, 0, 0, 2, 108.38
1563355001, 0, 0, 321, 321, 2, 2.32%, 0, 0, 2, 107.74
1563355006, 0, 0, 323, 323, 2, 2.32%, 0, 0, 2, 105.43
1563355011, 0, 0, 325, 325, 2, 2.32%, 0, 0, 2, 107.91
1563355016, 0, 0, 328, 328, 2, 2.32%, 0, 0, 2, 106.99
1563355021, 0, 0, 331, 331, 2, 2.32%, 0, 0, 2, 105.16
1563355026, 0, 0, 335, 335, 2, 2.32%, 0, 0, 2, 106.93
1563355031, 0, 0, 336, 336, 2, 2.32%, 0, 0, 2, 109.70
1563355036, 0, 0, 338, 338, 2, 2.32%, 0, 0, 2, 111.32
1563355042, 0, 0, 339, 339, 2, 2.32%, 0, 0, 2, 112.82
1563355047, 0, 0, 341, 341, 2, 2.32%, 0, 0, 2, 110.51
1563355052, 0, 0, 344, 344, 2, 2.32%, 0, 0, 2, 111.78
1563355057, 0, 0, 348, 348, 2, 2.38%, 0, 0, 2, 117.19
1563355062, 0, 0, 349, 349, 2, 2.38%, 0, 0, 2, 114.07
1563355067, 0, 0, 350, 350, 2, 2.40%, 0, 0, 2, 110.60
1563355072, 0, 0, 352, 352, 2, 2.40%, 0, 0, 2, 109.60
1563355077, 0, 0, 356, 356, 2, 2.41%, 0, 0, 2, 112.90
1563355083, 0, 0, 359, 359, 2, 2.41%, 0, 0, 2, 108.67
1563355088, 0, 0, 361, 361, 2, 2.41%, 0, 0, 2, 108.16
1563355093, 0, 0, 363, 363, 2, 2.41%, 0, 0, 2, 108.65
1563355103, 0, 0, 365, 365, 2, 2.41%, 0, 0, 2, 110.10
1563355113, 0, 0, 368, 368, 2, 2.41%, 0, 0, 2, 106.21
1563355128, 0, 0, 371, 371, 2, 2.41%, 0, 0, 2, 113.48
1563355133, 0, 0, 374, 374, 2, 2.41%, 0, 0, 2, 108.54
1563355138, 0, 0, 376, 376, 2, 2.42%, 0, 0, 2, 110.96
1563355143, 0, 0, 378, 378, 2, 2.42%, 0, 0, 2, 108.27
1563355148, 0, 0, 404, 403, 1, 2.53%, 0, 0, 2, 111.83
1563355153, 0, 0, 457, 456, 1, 2.74%, 0, 0, 2, 111.56
1563355159, 0, 0, 511, 510, 1, 2.87%, 0, 0, 2, 113.26
1563355164, 0, 0, 565, 564, 1, 2.96%, 0, 0, 2, 116.85
1563355169, 0, 2, 607, 606, 178, 3.05%, 0, 0, 2, 120.02
1563355174, 0, 10, 607, 605, 177, 3.05%, 0, 0, 2, 127.35
1563355179, 0, 10, 608, 606, 177, 3.05%, 0, 0, 3, 129.95
1563355184, 0, 10, 609, 607, 177, 3.07%, 0, 0, 3, 123.33
1563355199, 0, 10, 610, 608, 177, 3.07%, 0, 0, 3, 112.59
1563355286, 0, 32, 610, 607, 177, 3.07%, 0, 0, 3, 112.57
1563355409, 0, 32, 613, 610, 177, 3.07%, 0, 0, 3, 99.81
1563355429, 0, 32, 614, 611, 177, 3.07%, 0, 0, 3, 101.61
1563355567, 0, 32, 615, 612, 177, 3.07%, 0, 0, 3, 106.93
1563355572, 0, 32, 616, 613, 177, 3.07%, 0, 0, 3, 104.23
1563355592, 0, 32, 617, 614, 177, 3.07%, 0, 0, 3, 108.95
1563355597, 0, 32, 619, 616, 177, 3.07%, 0, 0, 3, 107.92
1563355602, 0, 32, 620, 617, 177, 3.07%, 0, 0, 3, 106.46
1563355608, 0, 32, 621, 618, 177, 3.07%, 0, 0, 3, 105.78
1563355618, 0, 32, 623, 620, 177, 3.07%, 0, 0, 3, 108.85
1563355638, 0, 32, 625, 622, 177, 3.07%, 0, 0, 3, 105.19
1563355663, 0, 32, 627, 624, 177, 3.07%, 0, 0, 3, 108.82
1563355668, 0, 32, 628, 625, 177, 3.08%, 0, 0, 3, 107.98
1563355704, 0, 32, 629, 626, 177, 3.08%, 0, 0, 3, 103.34
1563355709, 0, 32, 630, 627, 177, 3.08%, 0, 0, 3, 104.50
1563355740, 0, 32, 631, 628, 177, 3.08%, 0, 0, 3, 108.76
1563355800, 0, 32, 632, 629, 177, 3.08%, 0, 0, 3, 105.06
1563355826, 0, 32, 633, 630, 177, 3.08%, 0, 0, 3, 109.33
1563355831, 0, 32, 634, 631, 177, 3.08%, 0, 0, 3, 109.45
1563355851, 0, 32, 635, 632, 177, 3.08%, 0, 0, 3, 113.97
1563355867, 0, 47, 635, 631, 179, 3.08%, 0, 0, 3, 106.80
1563355948, 0, 47, 636, 632, 179, 3.08%, 0, 0, 3, 99.76
1563355979, 0, 47, 637, 633, 179, 3.08%, 0, 0, 3, 103.20
1563356173, 0, 48, 637, 632, 179, 3.08%, 0, 0, 3, 112.35
1563356178, 0, 48, 638, 633, 179, 3.08%, 0, 0, 3, 104.75
1563356199, 0, 48, 641, 636, 179, 3.10%, 0, 0, 3, 102.01
1563356255, 0, 48, 642, 637, 179, 3.10%, 0, 0, 3, 100.35
1563356266, 0, 48, 646, 641, 179, 3.11%, 0, 0, 3, 104.62
1563356286, 0, 48, 647, 642, 179, 3.11%, 0, 0, 3, 101.88
1563356393, 0, 48, 648, 643, 179, 3.13%, 0, 0, 3, 105.50
1563356399, 0, 48, 653, 648, 179, 3.13%, 0, 0, 3, 106.66
1563356444, 0, 48, 657, 652, 179, 3.14%, 0, 0, 3, 100.34
1563356450, 0, 48, 662, 657, 179, 3.14%, 0, 0, 3, 100.32
1563356470, 0, 48, 663, 658, 179, 3.14%, 0, 0, 3, 104.51
1563356475, 0, 48, 665, 660, 179, 3.15%, 0, 0, 3, 103.84
1563356491, 0, 48, 666, 661, 179, 3.15%, 0, 0, 3, 106.11
1563356496, 0, 48, 669, 664, 179, 3.18%, 0, 0, 3, 109.88
1563356501, 0, 48, 672, 667, 179, 3.18%, 0, 0, 3, 112.79
1563356506, 0, 48, 673, 668, 179, 3.18%, 0, 0, 3, 112.35
1563356511, 0, 48, 674, 669, 179, 3.18%, 0, 0, 3, 110.54
1563356521, 0, 48, 675, 670, 179, 3.18%, 0, 0, 3, 110.26
1563356526, 0, 48, 676, 671, 179, 3.18%, 0, 0, 3, 109.95
1563356557, 0, 48, 677, 672, 179, 3.18%, 0, 0, 3, 112.10
1563356562, 0, 48, 678, 673, 179, 3.18%, 0, 0, 3, 118.19
1563356567, 0, 48, 679, 674, 179, 3.18%, 0, 0, 3, 113.40
1563356572, 0, 48, 680, 675, 179, 3.18%, 0, 0, 3, 111.20
1563356577, 0, 48, 682, 677, 179, 3.18%, 0, 0, 3, 118.38
1563356592, 0, 48, 683, 678, 179, 3.18%, 0, 0, 3, 115.79
1563356602, 0, 48, 684, 679, 179, 3.18%, 0, 0, 3, 117.97
1563356608, 0, 48, 685, 680, 179, 3.18%, 0, 0, 3, 116.63
1563356613, 0, 48, 686, 681, 179, 3.18%, 0, 0, 3, 122.37
1563356618, 0, 48, 688, 683, 179, 3.18%, 0, 0, 3, 118.38
1563356623, 0, 48, 689, 684, 179, 3.18%, 0, 0, 3, 116.65
1563356633, 0, 48, 690, 685, 179, 3.18%, 0, 0, 3, 117.83
1563356643, 0, 48, 691, 686, 179, 3.18%, 0, 0, 3, 112.94
1563356659, 0, 48, 692, 687, 179, 3.18%, 0, 0, 3, 118.60
1563356664, 0, 48, 694, 689, 179, 3.18%, 0, 0, 3, 115.55
1563356675, 0, 48, 695, 690, 179, 3.18%, 0, 0, 3, 115.17
1563356680, 0, 48, 698, 693, 179, 3.18%, 0, 0, 3, 115.17
1563356685, 0, 48, 699, 694, 179, 3.18%, 0, 0, 3, 114.94
1563356690, 0, 48, 754, 748, 178, 3.35%, 0, 0, 3, 110.08
1563356695, 0, 48, 808, 802, 178, 3.54%, 0, 0, 3, 102.59
1563356700, 0, 48, 860, 854, 178, 3.66%, 0, 0, 3, 100.53
1563356705, 0, 48, 920, 914, 178, 3.81%, 0, 0, 3, 110.47
1563356710, 0, 48, 983, 977, 178, 3.87%, 0, 0, 3, 116.41
1563356715, 0, 51, 1009, 1003, 237, 3.90%, 0, 0, 3, 108.90
1563356766, 0, 51, 1010, 1004, 237, 3.92%, 0, 0, 3, 109.79
1563357021, 0, 52, 1010, 1003, 238, 3.92%, 0, 0, 3, 103.43
1563357047, 0, 52, 1014, 1007, 238, 3.92%, 0, 0, 3, 98.08
1563357077, 0, 52, 1015, 1008, 238, 3.92%, 0, 0, 3, 96.92
1563357113, 0, 52, 1016, 1009, 238, 3.92%, 0, 0, 3, 99.66
1563357159, 0, 52, 1017, 1010, 238, 3.92%, 0, 0, 3, 106.42
1563357348, 0, 77, 1017, 1009, 238, 3.92%, 0, 0, 3, 117.70
1563357679, 0, 88, 1017, 1008, 237, 3.92%, 0, 0, 3, 106.58
1563357710, 0, 88, 1018, 1009, 237, 3.92%, 0, 0, 3, 103.81
1563357766, 0, 88, 1019, 1010, 237, 3.92%, 0, 0, 3, 119.06
1563357792, 0, 88, 1020, 1011, 237, 3.92%, 0, 0, 3, 113.47
1563357954, 0, 96, 1020, 1010, 237, 3.92%, 0, 0, 3, 110.29
1563358021, 0, 96, 1021, 1011, 237, 3.92%, 0, 0, 3, 94.70
1563358286, 0, 96, 1064, 1053, 236, 4.07%, 0, 0, 3, 106.22
1563358291, 0, 96, 1120, 1109, 236, 4.24%, 0, 0, 3, 102.22
1563358296, 0, 96, 1177, 1166, 236, 4.39%, 0, 0, 3, 103.46
1563358301, 0, 96, 1231, 1220, 236, 4.42%, 0, 0, 3, 99.12
1563358306, 0, 96, 1286, 1275, 236, 4.52%, 0, 0, 3, 103.00
1563358311, 0, 98, 1318, 1307, 267, 4.54%, 0, 0, 3, 103.02
1563358316, 0, 98, 1319, 1308, 267, 4.54%, 0, 0, 3, 98.74
1563358623, 0, 101, 1319, 1307, 266, 4.54%, 0, 0, 3, 122.41
1563358934, 0, 122, 1319, 1306, 265, 4.54%, 0, 0, 3, 108.25
1563358939, 0, 122, 1320, 1307, 265, 4.54%, 0, 0, 3, 102.22
1563359230, 0, 123, 1320, 1306, 264, 4.54%, 0, 0, 3, 109.78
1563359256, 0, 123, 1321, 1307, 264, 4.54%, 0, 0, 3, 101.69
1563359552, 0, 124, 1321, 1306, 263, 4.54%, 0, 0, 3, 101.44
1563359890, 0, 124, 1365, 1349, 262, 4.63%, 0, 0, 3, 105.91
1563359895, 0, 124, 1425, 1409, 262, 4.70%, 0, 0, 3, 105.07
1563359900, 0, 124, 1490, 1474, 262, 4.74%, 0, 0, 3, 115.41
1563359905, 0, 124, 1550, 1534, 262, 4.82%, 0, 0, 3, 113.44
1563359910, 0, 144, 1566, 1550, 282, 4.83%, 0, 0, 3, 112.97
1563360033, 0, 144, 1567, 1551, 282, 4.83%, 0, 0, 3, 105.17
1563360196, 0, 144, 1568, 1552, 282, 4.83%, 0, 0, 3, 110.50
1563360211, 0, 145, 1568, 1551, 283, 4.83%, 0, 0, 3, 115.56
1563360364, 0, 151, 1568, 1550, 282, 4.83%, 0, 0, 3, 111.46
1563360369, 0, 151, 1569, 1551, 282, 4.83%, 0, 0, 3, 108.45
1563360497, 0, 151, 1570, 1552, 282, 4.83%, 0, 0, 3, 104.80
1563360644, 0, 155, 1570, 1551, 281, 4.83%, 0, 0, 3, 102.93
1563360680, 0, 155, 1571, 1552, 281, 4.83%, 0, 0, 3, 94.79
1563360700, 0, 155, 1572, 1553, 281, 4.83%, 0, 0, 3, 96.68
1563360965, 0, 156, 1572, 1552, 280, 4.83%, 0, 0, 3, 110.31
1563361271, 0, 156, 1630, 1609, 279, 4.87%, 0, 0, 3, 108.08
1563361276, 0, 156, 1680, 1659, 279, 4.91%, 0, 0, 3, 96.07
1563361281, 0, 156, 1736, 1715, 279, 4.95%, 0, 0, 3, 98.15
1563361286, 0, 158, 1744, 1723, 288, 4.95%, 0, 0, 3, 97.74
1563361608, 0, 159, 1744, 1722, 287, 4.95%, 0, 0, 3, 104.28
1563361936, 0, 179, 1744, 1721, 286, 4.95%, 0, 0, 3, 107.05
1563362048, 0, 183, 1744, 1720, 285, 4.95%, 0, 0, 3, 116.17
1563362196, 0, 185, 1744, 1719, 284, 4.95%, 0, 0, 3, 107.42
1563362395, 0, 185, 1758, 1732, 284, 4.97%, 0, 0, 3, 105.01
1563362400, 0, 185, 1812, 1786, 284, 5.02%, 0, 0, 3, 99.21
1563362405, 0, 196, 1842, 1816, 285, 5.04%, 0, 0, 3, 102.89
1563362716, 0, 212, 1842, 1815, 284, 5.04%, 0, 0, 3, 96.40
1563362721, 0, 212, 1843, 1816, 284, 5.04%, 0, 0, 3, 95.82
1563362742, 0, 212, 1844, 1817, 284, 5.05%, 0, 0, 3, 95.69
1563362773, 0, 212, 1845, 1818, 284, 5.05%, 0, 0, 3, 92.45
1563362977, 0, 227, 1845, 1817, 283, 5.05%, 0, 0, 3, 113.53
1563363293, 0, 236, 1845, 1816, 282, 5.05%, 0, 0, 3, 113.81
1563363503, 0, 263, 1845, 1815, 281, 5.05%, 0, 0, 3, 113.37
1563363687, 0, 263, 1846, 1816, 281, 5.05%, 0, 0, 3, 121.01
1563363790, 0, 263, 1897, 1866, 280, 5.13%, 0, 0, 3, 102.89
1563363795, 0, 272, 1940, 1909, 292, 5.14%, 0, 0, 3, 101.62
1563363835, 0, 272, 1941, 1910, 292, 5.14%, 0, 0, 3, 104.64
1563363978, 0, 314, 1941, 1909, 291, 5.14%, 0, 0, 3, 113.33
1563364110, 0, 318, 1941, 1908, 290, 5.14%, 0, 0, 3, 112.51
1563364360, 0, 330, 1941, 1907, 289, 5.14%, 0, 0, 3, 108.55
1563364616, 0, 345, 1941, 1906, 288, 5.14%, 0, 0, 3, 110.09
1563364825, 0, 345, 1956, 1920, 287, 5.14%, 0, 0, 3, 108.77
1563364830, 0, 345, 2011, 1975, 287, 5.18%, 0, 0, 3, 104.60
1563364835, 0, 347, 2013, 1977, 288, 5.18%, 0, 0, 3, 102.03
1563365070, 0, 349, 2013, 1976, 287, 5.18%, 0, 1, 3, 130.13
1563365090, 0, 349, 2014, 1977, 287, 5.18%, 0, 1, 3, 111.59
1563365095, 0, 350, 2014, 1976, 287, 5.18%, 0, 1, 3, 121.81
1563365187, 0, 353, 2014, 1975, 286, 5.18%, 0, 1, 3, 111.13
1563365360, 0, 363, 2014, 1974, 285, 5.18%, 0, 1, 3, 112.86
1563365483, 0, 374, 2052, 2011, 286, 5.19%, 0, 1, 3, 111.62
1563365611, 0, 380, 2052, 2010, 285, 5.19%, 0, 1, 3, 124.75
1563365703, 0, 386, 2052, 2009, 285, 5.19%, 0, 1, 3, 124.70
1563365759, 0, 390, 2052, 2008, 284, 5.19%, 0, 1, 3, 109.08
1563365928, 0, 396, 2052, 2007, 283, 5.19%, 0, 1, 3, 105.64
1563365954, 0, 402, 2090, 2044, 285, 5.24%, 0, 1, 3, 103.61
1563366133, 0, 404, 2090, 2043, 284, 5.24%, 0, 1, 3, 119.92
1563366255, 0, 407, 2090, 2042, 283, 5.24%, 0, 1, 3, 114.32
1563366347, 0, 408, 2090, 2041, 282, 5.24%, 0, 1, 3, 136.98
1563366352, 0, 408, 2091, 2042, 282, 5.24%, 0, 1, 3, 131.81
1563366465, 0, 422, 2091, 2041, 282, 5.24%, 0, 1, 3, 111.00
1563366572, 0, 422, 2146, 2095, 281, 5.26%, 0, 1, 3, 109.25
1563366577, 0, 427, 2146, 2095, 277, 5.26%, 0, 1, 3, 120.63
1563366735, 0, 429, 2146, 2094, 276, 5.26%, 0, 1, 3, 115.99
1563366914, 0, 431, 2146, 2093, 275, 5.26%, 0, 1, 3, 115.55
1563366919, 0, 431, 2147, 2094, 275, 5.26%, 0, 1, 3, 104.34
1563367035, 0, 432, 2147, 2093, 274, 5.26%, 0, 1, 3, 110.09
1563367208, 0, 436, 2147, 2092, 273, 5.26%, 0, 1, 3, 123.61
1563367326, 0, 436, 2163, 2107, 272, 5.26%, 0, 1, 3, 112.92
1563367331, 0, 439, 2211, 2155, 271, 5.28%, 0, 1, 3, 104.22
1563367500, 0, 442, 2211, 2154, 270, 5.28%, 0, 1, 3, 119.73
1563367791, 0, 448, 2211, 2153, 269, 5.28%, 0, 1, 3, 113.70
1563367919, 0, 466, 2211, 2152, 268, 5.28%, 0, 1, 3, 121.37
1563368103, 0, 478, 2211, 2151, 267, 5.28%, 0, 1, 3, 132.54
1563368123, 0, 478, 2243, 2182, 266, 5.29%, 0, 1, 3, 108.43
1563368128, 0, 478, 2297, 2236, 266, 5.29%, 0, 1, 3, 101.22
1563368133, 0, 482, 2302, 2241, 266, 5.29%, 0, 1, 3, 110.98
1563368317, 0, 482, 2303, 2242, 266, 5.29%, 0, 1, 3, 126.21
1563368328, 0, 491, 2303, 2241, 265, 5.29%, 0, 1, 3, 120.17
1563368420, 0, 491, 2304, 2242, 265, 5.29%, 0, 1, 3, 129.94
1563368441, 0, 495, 2304, 2241, 264, 5.29%, 0, 1, 3, 130.95
1563368513, 0, 497, 2304, 2240, 263, 5.29%, 0, 1, 3, 123.97
1563368622, 0, 498, 2304, 2239, 262, 5.29%, 0, 1, 3, 116.60
1563368739, 0, 498, 2310, 2244, 261, 5.29%, 0, 1, 3, 117.02
1563368744, 0, 500, 2349, 2283, 256, 5.30%, 0, 1, 3, 110.70
1563368800, 0, 503, 2349, 2282, 255, 5.30%, 0, 1, 3, 134.18
1563368876, 0, 504, 2349, 2281, 254, 5.30%, 0, 1, 3, 119.51
1563368933, 0, 507, 2349, 2280, 253, 5.30%, 0, 1, 3, 119.87
1563369259, 0, 512, 2349, 2279, 252, 5.30%, 0, 1, 3, 116.93
1563369325, 0, 512, 2356, 2285, 251, 5.31%, 0, 1, 3, 122.97
1563369330, 0, 523, 2382, 2311, 251, 5.32%, 0, 1, 3, 119.23
1563369356, 0, 523, 2383, 2312, 251, 5.32%, 0, 1, 3, 116.68
1563369432, 0, 528, 2383, 2311, 250, 5.32%, 0, 1, 3, 127.33
1563369498, 0, 530, 2383, 2310, 249, 5.32%, 0, 1, 3, 123.23
1563369718, 0, 532, 2383, 2309, 248, 5.32%, 0, 1, 3, 120.72
1563369723, 0, 532, 2384, 2310, 248, 5.32%, 0, 1, 3, 116.73
1563369749, 0, 532, 2385, 2311, 248, 5.32%, 0, 1, 3, 120.97
1563369856, 0, 533, 2385, 2310, 247, 5.32%, 0, 1, 3, 115.19
1563369912, 0, 533, 2411, 2335, 246, 5.32%, 0, 1, 3, 119.20
1563369918, 0, 534, 2417, 2341, 243, 5.32%, 0, 1, 3, 123.71
1563370098, 0, 545, 2417, 2340, 242, 5.32%, 0, 1, 3, 122.10
1563370179, 0, 545, 2418, 2341, 242, 5.32%, 0, 1, 3, 123.18
1563370215, 0, 551, 2418, 2340, 239, 5.32%, 0, 1, 3, 123.37
1563370359, 0, 556, 2419, 2340, 238, 5.32%, 0, 1, 3, 117.82
1563370512, 0, 560, 2419, 2339, 237, 5.32%, 0, 1, 3, 110.86
1563370690, 0, 564, 2451, 2370, 240, 5.33%, 0, 1, 3, 116.53
1563370782, 0, 571, 2451, 2369, 239, 5.33%, 0, 1, 3, 132.44
1563370896, 0, 583, 2451, 2368, 238, 5.33%, 0, 1, 3, 136.07
1563371008, 0, 594, 2451, 2367, 237, 5.33%, 0, 1, 3, 121.97
1563371146, 0, 605, 2451, 2366, 236, 5.33%, 0, 1, 3, 127.07
1563371244, 0, 618, 2479, 2393, 235, 5.33%, 0, 1, 3, 121.35
1563371454, 0, 633, 2479, 2392, 234, 5.33%, 0, 1, 3, 115.09
1563371637, 0, 665, 2479, 2391, 233, 5.33%, 0, 1, 3, 106.65
1563371948, 0, 665, 2480, 2392, 233, 5.33%, 0, 1, 4, 102.86
1563371993, 0, 702, 2480, 2391, 233, 5.33%, 0, 1, 4, 114.48
1563372075, 0, 708, 2480, 2390, 232, 5.33%, 0, 1, 4, 127.43
1563372306, 0, 708, 2480, 2390, 232, 5.33%, 0, 2, 4, 7.82
1563372342, 0, 708, 2491, 2400, 231, 5.33%, 0, 2, 4, 33.02
1563372347, 0, 708, 2524, 2433, 231, 5.33%, 0, 2, 4, 55.41
1563372352, 0, 708, 2567, 2476, 231, 5.33%, 0, 2, 4, 76.73
1563372357, 0, 736, 2568, 2477, 232, 5.33%, 0, 2, 4, 103.77
1563372505, 0, 747, 2568, 2476, 232, 5.33%, 0, 2, 4, 122.36
1563372765, 0, 751, 2568, 2475, 231, 5.33%, 0, 2, 4, 115.63
1563372943, 0, 757, 2568, 2474, 230, 5.33%, 0, 2, 4, 115.37
1563373086, 0, 774, 2568, 2473, 229, 5.33%, 0, 2, 4, 114.02
1563373188, 0, 774, 2585, 2489, 228, 5.33%, 0, 2, 4, 15.98
1563373193, 0, 774, 2624, 2528, 228, 5.33%, 0, 2, 4, 78.01
1563373198, 0, 779, 2631, 2535, 229, 5.33%, 0, 2, 4, 101.65
1563373387, 0, 785, 2631, 2534, 229, 5.33%, 0, 2, 4, 111.19
1563373479, 0, 785, 2632, 2535, 229, 5.33%, 0, 2, 4, 109.67
1563373581, 0, 787, 2632, 2534, 229, 5.33%, 0, 2, 4, 130.22
1563373787, 0, 788, 2632, 2533, 229, 5.33%, 0, 2, 4, 132.77
1563374031, 0, 793, 2632, 2532, 228, 5.33%, 0, 2, 4, 124.92
1563374204, 0, 793, 2669, 2568, 227, 5.33%, 0, 2, 4, 87.69
1563374209, 0, 793, 2707, 2606, 227, 5.33%, 0, 2, 4, 70.70
1563374214, 0, 796, 2734, 2633, 227, 5.33%, 0, 2, 4, 85.02
1563374366, 0, 801, 2734, 2632, 226, 5.33%, 0, 2, 4, 128.87
1563374504, 0, 808, 2734, 2631, 225, 5.33%, 0, 2, 4, 117.27
1563374612, 0, 818, 2734, 2630, 224, 5.33%, 0, 2, 4, 129.25
1563374734, 0, 821, 2734, 2629, 222, 5.33%, 0, 2, 4, 128.25
1563374883, 0, 821, 2755, 2649, 221, 5.33%, 0, 2, 4, 42.57
1563374888, 0, 822, 2772, 2666, 221, 5.33%, 0, 2, 4, 92.77
1563374991, 0, 823, 2772, 2665, 220, 5.33%, 0, 2, 4, 121.55
1563375195, 0, 824, 2772, 2664, 219, 5.33%, 0, 2, 4, 118.82
1563375313, 0, 837, 2772, 2663, 218, 5.33%, 0, 2, 4, 99.60
1563375426, 0, 844, 2772, 2662, 217, 5.33%, 0, 2, 4, 123.58
1563375604, 0, 846, 2772, 2661, 216, 5.33%, 0, 2, 4, 117.76
1563375711, 0, 846, 2781, 2669, 215, 5.36%, 0, 2, 4, 105.80
1563375716, 0, 846, 2815, 2703, 215, 5.38%, 0, 2, 4, 67.84
1563375721, 0, 853, 2815, 2703, 213, 5.38%, 0, 2, 4, 107.19
1563375839, 0, 861, 2815, 2702, 212, 5.38%, 0, 2, 4, 125.75
1563375997, 0, 863, 2815, 2701, 211, 5.38%, 0, 2, 4, 133.11
1563376094, 0, 870, 2815, 2700, 210, 5.38%, 0, 2, 4, 131.98
1563376202, 0, 872, 2815, 2699, 210, 5.38%, 0, 2, 4, 125.74
1563376329, 0, 872, 2839, 2722, 209, 5.39%, 0, 2, 4, 100.22
1563376334, 0, 879, 2859, 2742, 206, 5.39%, 0, 2, 4, 104.85
1563376473, 0, 880, 2859, 2741, 205, 5.39%, 0, 2, 4, 123.49
1563376635, 0, 891, 2859, 2740, 204, 5.39%, 0, 2, 4, 117.78
1563376982, 0, 891, 2859, 2740, 204, 5.39%, 0, 3, 4, 41.81
1563377003, 0, 898, 2859, 2739, 203, 5.39%, 0, 3, 4, 112.88
1563377039, 0, 898, 2860, 2740, 203, 5.39%, 0, 3, 4, 114.88
1563377152, 0, 902, 2860, 2739, 203, 5.39%, 0, 3, 4, 137.22
1563377265, 0, 902, 2882, 2760, 202, 5.40%, 0, 3, 4, 30.60
1563377270, 0, 908, 2906, 2784, 204, 5.41%, 0, 3, 4, 85.41
1563377337, 0, 908, 2907, 2785, 204, 5.41%, 0, 3, 4, 121.47
1563377352, 0, 915, 2907, 2784, 202, 5.41%, 0, 3, 4, 116.88
1563377521, 0, 917, 2907, 2783, 202, 5.41%, 0, 3, 4, 132.41
1563377714, 0, 935, 2907, 2782, 201, 5.41%, 0, 3, 4, 115.61
1563377883, 0, 935, 2908, 2783, 201, 5.41%, 0, 3, 4, 115.33
1563377893, 0, 939, 2908, 2782, 200, 5.41%, 0, 3, 4, 116.60
1563378108, 0, 939, 2937, 2810, 199, 5.41%, 0, 3, 4, 92.52
1563378113, 0, 944, 2937, 2810, 199, 5.41%, 0, 3, 4, 116.56
1563378201, 0, 946, 2937, 2809, 198, 5.41%, 0, 3, 4, 132.03
1563378360, 0, 948, 2937, 2808, 197, 5.41%, 0, 3, 4, 138.44
1563378589, 0, 956, 2937, 2807, 196, 5.41%, 0, 3, 4, 114.81
1563378717, 0, 957, 2937, 2806, 195, 5.41%, 0, 3, 4, 116.61
1563378778, 0, 957, 2938, 2807, 195, 5.41%, 0, 3, 4, 107.87
1563378920, 0, 959, 2951, 2819, 194, 5.41%, 0, 3, 4, 99.54
1563379037, 0, 986, 2951, 2818, 193, 5.41%, 0, 3, 4, 118.32
1563379155, 0, 1003, 2951, 2817, 192, 5.41%, 0, 3, 4, 122.25
1563379396, 0, 1008, 2951, 2816, 191, 5.41%, 0, 3, 4, 129.25
1563379401, 0, 1008, 2952, 2817, 191, 5.41%, 0, 3, 4, 129.22
1563379534, 0, 1015, 2952, 2816, 191, 5.41%, 0, 3, 4, 107.64
1563379789, 0, 1015, 2956, 2819, 190, 5.41%, 0, 3, 4, 107.81
1563379794, 0, 1018, 2968, 2831, 191, 5.41%, 0, 3, 4, 105.73
1563380064, 0, 1020, 2968, 2830, 190, 5.41%, 0, 3, 4, 112.19
1563380353, 0, 1021, 2968, 2829, 189, 5.41%, 0, 3, 4, 109.90
1563380435, 0, 1029, 2968, 2828, 188, 5.41%, 0, 3, 4, 113.91
1563380440, 0, 1029, 2969, 2829, 188, 5.41%, 0, 3, 4, 107.50
1563380587, 0, 1039, 2969, 2828, 187, 5.41%, 0, 3, 4, 117.61
1563380888, 0, 1039, 2994, 2852, 186, 5.41%, 0, 3, 4, 38.38
1563380893, 0, 1045, 3007, 2865, 186, 5.41%, 0, 3, 4, 89.79
1563380970, 0, 1050, 3007, 2864, 185, 5.41%, 0, 3, 4, 119.37
1563381108, 0, 1052, 3007, 2863, 184, 5.41%, 0, 3, 4, 130.63
1563381221, 0, 1054, 3007, 2862, 183, 5.41%, 0, 3, 4, 107.32
1563381400, 0, 1055, 3007, 2861, 182, 5.41%, 0, 3, 4, 114.89
1563381476, 0, 1055, 3013, 2866, 181, 5.41%, 0, 3, 4, 109.75
1563381481, 0, 1097, 3017, 2870, 181, 5.41%, 0, 3, 4, 113.88
1563381496, 0, 1097, 3018, 2871, 181, 5.41%, 0, 3, 4, 120.22
1563381557, 0, 1097, 3019, 2872, 181, 5.41%, 0, 3, 4, 117.64
1563381563, 0, 1103, 3019, 2871, 180, 5.41%, 0, 3, 4, 115.74
1563381629, 0, 1114, 3019, 2870, 179, 5.41%, 0, 3, 4, 114.50
1563381736, 0, 1115, 3019, 2869, 178, 5.41%, 0, 3, 4, 124.10
1563381834, 0, 1120, 3019, 2868, 177, 5.41%, 0, 3, 4, 117.45
1563382109, 0, 1120, 3022, 2870, 176, 5.41%, 0, 3, 4, 109.22
1563382114, 0, 1141, 3048, 2896, 176, 5.41%, 0, 3, 4, 75.94
1563382247, 0, 1149, 3048, 2895, 175, 5.41%, 0, 3, 4, 121.75
1563382440, 0, 1157, 3048, 2894, 174, 5.41%, 0, 3, 4, 114.01
1563382563, 0, 1166, 3048, 2893, 173, 5.41%, 0, 3, 4, 115.21
1563382717, 0, 1174, 3048, 2892, 172, 5.41%, 0, 3, 4, 113.16
1563382987, 0, 1184, 3069, 2912, 173, 5.41%, 0, 3, 4, 98.08
1563383068, 0, 1206, 3069, 2911, 172, 5.41%, 0, 3, 4, 113.03
1563383237, 0, 1212, 3069, 2910, 171, 5.41%, 0, 3, 4, 108.89
1563383343, 0, 1216, 3069, 2909, 170, 5.41%, 0, 3, 4, 105.16
1563383506, 0, 1220, 3069, 2908, 169, 5.41%, 0, 3, 4, 13.03
1563383711, 0, 1235, 3069, 2907, 168, 5.41%, 0, 3, 4, 105.19
1563383824, 0, 1241, 3075, 2912, 167, 5.41%, 0, 3, 4, 119.78
1563383946, 0, 1251, 3075, 2911, 166, 5.41%, 0, 3, 4, 108.86
1563384084, 0, 1262, 3075, 2910, 165, 5.41%, 0, 3, 4, 106.47
1563384247, 0, 1264, 3075, 2909, 164, 5.41%, 0, 3, 4, 110.89
1563384567, 0, 1273, 3075, 2908, 163, 5.41%, 0, 3, 4, 108.56
1563384643, 0, 1279, 3086, 2918, 162, 5.41%, 0, 3, 4, 111.01
1563384771, 0, 1281, 3086, 2917, 161, 5.41%, 0, 3, 4, 109.25
1563384908, 0, 1298, 3086, 2916, 160, 5.41%, 0, 3, 4, 109.12
1563384979, 0, 1300, 3086, 2915, 159, 5.41%, 0, 3, 4, 114.60
1563385092, 0, 1306, 3086, 2914, 158, 5.41%, 0, 3, 4, 120.44
1563385107, 0, 1306, 3087, 2915, 158, 5.41%, 0, 3, 4, 120.28
1563385163, 0, 1310, 3098, 2925, 158, 5.41%, 0, 3, 4, 108.39
1563385285, 0, 1322, 3098, 2924, 157, 5.41%, 0, 3, 4, 114.73
1563385454, 0, 1327, 3098, 2923, 156, 5.41%, 0, 3, 4, 113.96
1563386039, 0, 1367, 3098, 2922, 155, 5.41%, 0, 3, 4, 101.45
1563386166, 0, 1374, 3098, 2921, 154, 5.41%, 0, 3, 4, 109.00
1563386324, 0, 1374, 3103, 2925, 154, 5.41%, 0, 3, 4, 104.83
1563386329, 0, 1385, 3111, 2933, 156, 5.41%, 0, 3, 4, 103.40
1563386425, 0, 1390, 3111, 2932, 155, 5.41%, 0, 3, 4, 114.45
1563386487, 0, 1406, 3111, 2931, 154, 5.41%, 0, 3, 4, 117.93
1563386589, 0, 1410, 3111, 2930, 153, 5.41%, 0, 3, 4, 111.81
1563386671, 0, 1410, 3112, 2931, 153, 5.41%, 0, 3, 4, 108.97
1563386696, 0, 1416, 3112, 2930, 152, 5.41%, 0, 3, 4, 113.81
1563387027, 0, 1448, 3125, 2942, 151, 5.41%, 0, 3, 4, 106.76
1563387129, 0, 1454, 3125, 2941, 153, 5.41%, 0, 3, 4, 119.60
1563387232, 0, 1455, 3125, 2940, 153, 5.41%, 0, 3, 4, 122.06
1563387303, 0, 1461, 3125, 2939, 152, 5.41%, 0, 3, 4, 122.25
1563387618, 0, 1465, 3125, 2938, 151, 5.41%, 0, 3, 4, 108.79
1563387808, 0, 1471, 3129, 2941, 150, 5.41%, 0, 3, 4, 85.34
1563388027, 0, 1473, 3129, 2940, 149, 5.41%, 0, 3, 4, 117.62
1563388206, 0, 1476, 3129, 2939, 148, 5.41%, 0, 3, 4, 109.23
1563388272, 0, 1480, 3129, 2938, 147, 5.41%, 0, 3, 4, 111.59
1563388679, 0, 1495, 3129, 2937, 147, 5.41%, 0, 3, 4, 108.00
1563388862, 0, 1495, 3134, 2941, 146, 5.41%, 0, 3, 4, 103.82
1563388867, 0, 1500, 3136, 2943, 143, 5.41%, 0, 3, 4, 105.56
1563389071, 0, 1528, 3136, 2942, 142, 5.41%, 0, 3, 4, 119.86
1563389254, 0, 1530, 3136, 2941, 141, 5.41%, 0, 3, 4, 111.72
1563389408, 0, 1533, 3136, 2940, 140, 5.41%, 0, 3, 4, 110.76
1563389565, 0, 1539, 3136, 2939, 139, 5.41%, 0, 3, 4, 111.12
1563390085, 0, 1539, 3143, 2945, 138, 5.41%, 0, 3, 4, 108.55
1563390090, 0, 1541, 3157, 2959, 138, 5.41%, 0, 3, 4, 106.61
1563390340, 0, 1552, 3157, 2958, 137, 5.41%, 0, 3, 4, 120.46
1563390350, 0, 1552, 3158, 2959, 137, 5.41%, 0, 3, 4, 124.96
1563390422, 0, 1563, 3158, 2958, 137, 5.41%, 0, 3, 4, 117.39
1563390545, 0, 1564, 3158, 2957, 136, 5.41%, 0, 3, 4, 110.98
1563390815, 0, 1565, 3158, 2956, 135, 5.41%, 0, 3, 4, 113.97
1563391110, 0, 1565, 3181, 2978, 134, 5.41%, 0, 3, 4, 93.89
1563391115, 0, 1576, 3189, 2986, 134, 5.41%, 0, 3, 4, 103.37
1563391171, 0, 1581, 3189, 2985, 133, 5.41%, 0, 3, 4, 129.05
1563391192, 0, 1581, 3190, 2986, 133, 5.41%, 0, 3, 4, 107.18
1563391299, 0, 1582, 3190, 2985, 132, 5.41%, 0, 3, 4, 74.96
1563391723, 0, 1583, 3190, 2984, 131, 5.41%, 0, 3, 4, 94.47
1563391841, 0, 1584, 3190, 2983, 130, 5.41%, 0, 3, 4, 117.56
1563391953, 0, 1593, 3208, 3000, 129, 5.41%, 0, 3, 4, 72.49
1563392279, 0, 1595, 3208, 2999, 128, 5.41%, 0, 3, 4, 121.00
1563392453, 0, 1596, 3208, 2998, 127, 5.41%, 0, 3, 4, 116.02
1563392616, 0, 1598, 3208, 2997, 126, 5.41%, 0, 3, 4, 116.62
1563392785, 0, 1604, 3208, 2996, 126, 5.41%, 0, 3, 4, 115.85
1563393112, 0, 1626, 3221, 3008, 125, 5.41%, 0, 3, 4, 102.76
1563393336, 0, 1633, 3221, 3007, 125, 5.41%, 0, 3, 4, 124.61
1563393443, 0, 1652, 3221, 3006, 125, 5.41%, 0, 3, 4, 121.47
1563393489, 0, 1652, 3222, 3007, 125, 5.42%, 0, 3, 4, 121.80
1563393495, 0, 1652, 3223, 3008, 125, 5.42%, 0, 3, 4, 126.71
1563393525, 0, 1693, 3223, 3007, 126, 5.42%, 0, 3, 4, 109.73
1563393703, 0, 1704, 3223, 3006, 125, 5.42%, 0, 3, 4, 108.45
1563393774, 0, 1714, 3225, 3007, 124, 5.42%, 0, 3, 4, 109.08
1563393779, 0, 1714, 3226, 3008, 124, 5.42%, 0, 3, 4, 109.26
1563393830, 0, 1714, 3227, 3009, 124, 5.42%, 0, 3, 4, 119.07
1563393840, 0, 1718, 3227, 3008, 124, 5.42%, 0, 3, 4, 110.44
1563393957, 0, 1720, 3227, 3007, 123, 5.42%, 0, 3, 4, 118.35
1563394059, 0, 1726, 3227, 3006, 122, 5.42%, 0, 3, 4, 123.13
1563394186, 0, 1728, 3227, 3005, 121, 5.42%, 0, 3, 4, 117.05
1563394486, 0, 1742, 3236, 3013, 120, 5.42%, 0, 3, 4, 108.76
1563394696, 0, 1753, 3236, 3012, 119, 5.42%, 0, 3, 4, 105.65
1563395075, 0, 1754, 3236, 3011, 118, 5.42%, 0, 3, 4, 108.11
1563395249, 0, 1769, 3236, 3010, 117, 5.42%, 0, 3, 4, 100.39
1563395382, 0, 1775, 3236, 3009, 116, 5.42%, 0, 3, 4, 105.41
1563395534, 0, 1780, 3246, 3018, 116, 5.42%, 0, 3, 4, 112.28
1563395549, 0, 1780, 3246, 3018, 116, 5.42%, 0, 4, 4, 97.56
1563395923, 0, 1782, 3246, 3017, 115, 5.42%, 0, 4, 4, 99.89
1563396061, 0, 1783, 3246, 3016, 114, 5.42%, 0, 4, 4, 106.32
1563396168, 0, 1788, 3246, 3015, 113, 5.42%, 0, 4, 4, 114.47
1563396280, 0, 1794, 3246, 3014, 112, 5.42%, 0, 4, 4, 114.87
1563396485, 0, 1806, 3264, 3031, 111, 5.42%, 0, 4, 4, 113.88
1563396627, 0, 1808, 3264, 3030, 110, 5.42%, 0, 4, 4, 111.53
1563396805, 0, 1816, 3264, 3029, 109, 5.42%, 0, 4, 4, 106.73
1563396928, 0, 1817, 3264, 3028, 108, 5.42%, 0, 4, 4, 111.18
1563397035, 0, 1821, 3264, 3027, 107, 5.42%, 0, 4, 4, 104.27
1563397142, 0, 1826, 3273, 3035, 106, 5.42%, 0, 4, 4, 101.45
1563397285, 0, 1834, 3273, 3034, 105, 5.42%, 0, 4, 4, 114.37
1563397438, 0, 1836, 3273, 3033, 104, 5.42%, 0, 4, 4, 103.96
1563397530, 0, 1840, 3273, 3032, 103, 5.42%, 0, 4, 4, 100.02
1563397745, 0, 1851, 3273, 3031, 103, 5.42%, 0, 4, 4, 103.49
1563397852, 0, 1853, 3286, 3043, 102, 5.42%, 0, 4, 4, 105.43
1563397944, 0, 1854, 3286, 3042, 100, 5.42%, 0, 4, 4, 109.41
1563398133, 0, 1858, 3286, 3041, 99, 5.42%, 0, 4, 4, 109.73
1563398250, 0, 1864, 3286, 3040, 98, 5.42%, 0, 4, 4, 115.19
1563398368, 0, 1867, 3286, 3039, 97, 5.42%, 0, 4, 4, 106.69
1563398373, 0, 1867, 3287, 3040, 97, 5.42%, 0, 4, 4, 99.69
1563398383, 0, 1867, 3288, 3041, 97, 5.42%, 0, 4, 4, 101.32
1563398424, 0, 1867, 3289, 3042, 97, 5.42%, 0, 4, 4, 99.78
1563398623, 0, 1874, 3296, 3048, 96, 5.42%, 0, 4, 4, 106.91
1563398836, 0, 1880, 3296, 3047, 95, 5.42%, 0, 4, 4, 69.53
1563399240, 0, 1887, 3296, 3046, 94, 5.42%, 0, 4, 4, 98.21
1563399307, 0, 1899, 3296, 3045, 93, 5.42%, 0, 4, 4, 113.48
1563399463, 0, 1901, 3296, 3044, 92, 5.42%, 0, 4, 4, 111.84
1563399606, 0, 1908, 3320, 3067, 91, 5.42%, 0, 4, 4, 95.33
1563399612, 0, 1908, 3321, 3068, 91, 5.42%, 0, 4, 4, 102.69
1563399617, 0, 1908, 3323, 3070, 91, 5.42%, 0, 4, 4, 118.11
1563399784, 0, 1909, 3323, 3069, 92, 5.42%, 0, 4, 4, 106.07
1563399938, 0, 1910, 3323, 3068, 91, 5.42%, 0, 4, 4, 106.92
1563400080, 0, 1936, 3323, 3067, 90, 5.42%, 0, 4, 4, 110.11
1563400167, 0, 1936, 3324, 3068, 90, 5.42%, 0, 4, 4, 109.17
1563400197, 0, 1936, 3325, 3069, 90, 5.42%, 0, 4, 4, 112.48
1563400207, 0, 1936, 3326, 3070, 90, 5.42%, 0, 4, 4, 114.71
1563400223, 0, 1948, 3326, 3069, 93, 5.42%, 0, 4, 4, 112.94
1563400314, 0, 1948, 3327, 3069, 92, 5.42%, 0, 4, 4, 119.47
1563400319, 0, 1954, 3330, 3072, 92, 5.42%, 0, 4, 4, 105.65
1563400488, 0, 1960, 3330, 3071, 91, 5.42%, 0, 4, 4, 102.79
1563400580, 0, 1977, 3330, 3070, 90, 5.42%, 0, 4, 4, 103.03
1563401128, 0, 1983, 3330, 3069, 89, 5.42%, 0, 4, 4, 109.24
1563401164, 0, 1983, 3331, 3070, 89, 5.42%, 0, 4, 4, 116.84
1563401581, 0, 1992, 3331, 3069, 89, 5.42%, 0, 4, 4, 106.08
1563401810, 0, 1992, 3337, 3074, 88, 5.42%, 0, 4, 4, 108.24
1563401815, 0, 1998, 3364, 3101, 89, 5.42%, 0, 4, 4, 104.41
1563402015, 0, 2003, 3364, 3100, 88, 5.42%, 0, 4, 4, 108.41
1563402127, 0, 2012, 3364, 3099, 87, 5.42%, 0, 4, 4, 126.35
1563402204, 0, 2012, 3365, 3100, 87, 5.42%, 0, 4, 4, 122.40
1563402215, 0, 2013, 3365, 3099, 86, 5.42%, 0, 4, 4, 119.90
1563402230, 0, 2031, 3365, 3098, 85, 5.42%, 0, 4, 4, 103.87
1563402347, 0, 2031, 3366, 3099, 85, 5.42%, 0, 4, 4, 122.70
1563402357, 0, 2049, 3371, 3103, 84, 5.42%, 0, 4, 4, 118.86
1563402368, 0, 2049, 3372, 3104, 84, 5.42%, 0, 4, 4, 114.36
1563402505, 0, 2064, 3372, 3103, 83, 5.42%, 0, 4, 4, 115.09
1563402912, 0, 2079, 3372, 3102, 82, 5.42%, 0, 4, 4, 111.33
1563403080, 0, 2087, 3372, 3101, 82, 5.42%, 0, 4, 4, 103.59
1563403310, 0, 2090, 3372, 3100, 81, 5.42%, 0, 4, 4, 108.11
1563403432, 0, 2090, 3373, 3101, 81, 5.42%, 0, 4, 4, 120.59
1563403448, 0, 2090, 3385, 3112, 80, 5.42%, 0, 4, 4, 83.75
1563403453, 0, 2098, 3390, 3117, 80, 5.42%, 0, 4, 4, 98.79
1563403590, 0, 2099, 3390, 3116, 79, 5.42%, 0, 4, 4, 112.51
1563403682, 0, 2102, 3390, 3115, 78, 5.42%, 0, 4, 4, 104.79
1563403773, 0, 2102, 3391, 3116, 78, 5.42%, 0, 4, 4, 101.87
1563403793, 0, 2102, 3392, 3117, 78, 5.42%, 0, 4, 4, 103.34
1563403813, 0, 2124, 3392, 3116, 78, 5.42%, 0, 4, 4, 108.67
1563403905, 0, 2130, 3392, 3115, 77, 5.42%, 0, 4, 4, 108.15
1563404053, 0, 2149, 3397, 3119, 76, 5.42%, 0, 4, 4, 107.35
1563404058, 0, 2149, 3400, 3122, 76, 5.42%, 0, 4, 4, 104.89
1563404246, 0, 2149, 3401, 3123, 76, 5.42%, 0, 4, 4, 112.61
1563404251, 0, 2149, 3402, 3124, 76, 5.42%, 0, 4, 4, 111.36
1563404256, 0, 2149, 3403, 3125, 76, 5.42%, 0, 4, 4, 112.58
1563404281, 0, 2149, 3404, 3126, 76, 5.42%, 0, 4, 4, 112.80
1563404378, 0, 2149, 3405, 3127, 76, 5.42%, 0, 4, 4, 111.68
1563404434, 0, 2149, 3406, 3128, 76, 5.42%, 0, 4, 4, 112.36
1563404536, 0, 2156, 3406, 3127, 75, 5.42%, 0, 4, 4, 108.58
1563404756, 0, 2178, 3406, 3126, 74, 5.42%, 0, 4, 4, 122.37
1563405154, 0, 2187, 3406, 3125, 74, 5.42%, 0, 4, 4, 108.13
1563405297, 0, 2289, 3406, 3124, 74, 5.42%, 0, 4, 4, 125.41
1563405695, 0, 2292, 3417, 3134, 75, 5.42%, 0, 4, 4, 113.44
1563405884, 0, 2306, 3417, 3133, 74, 5.42%, 0, 4, 4, 106.54
1563406001, 0, 2312, 3417, 3132, 73, 5.42%, 0, 4, 4, 110.85
1563406118, 0, 2323, 3417, 3131, 72, 5.42%, 0, 4, 4, 110.19
1563406316, 0, 2327, 3417, 3130, 71, 5.42%, 0, 4, 4, 116.05
1563406623, 0, 2327, 3418, 3130, 70, 5.42%, 0, 4, 4, 116.30
1563406628, 0, 2334, 3424, 3136, 70, 5.42%, 0, 4, 4, 99.17
1563406751, 0, 2336, 3424, 3135, 69, 5.42%, 0, 4, 4, 108.10
1563407036, 0, 2337, 3424, 3134, 68, 5.42%, 0, 4, 4, 108.18
1563407290, 0, 2338, 3424, 3133, 67, 5.42%, 0, 4, 4, 101.84
1563407295, 0, 2338, 3425, 3134, 67, 5.42%, 0, 4, 4, 98.19
1563407414, 0, 2344, 3425, 3133, 66, 5.42%, 0, 4, 4, 109.47
1563407511, 0, 2348, 3428, 3135, 65, 5.42%, 0, 4, 4, 107.17
1563407612, 0, 2359, 3428, 3134, 64, 5.42%, 0, 4, 4, 118.80
1563407770, 0, 2361, 3428, 3133, 63, 5.42%, 0, 4, 4, 115.08
1563407867, 0, 2367, 3428, 3132, 62, 5.42%, 0, 4, 4, 117.87
1563407995, 0, 2374, 3428, 3131, 61, 5.42%, 0, 4, 4, 120.09
1563408209, 0, 2374, 3433, 3135, 60, 5.42%, 0, 4, 4, 110.44
1563408214, 0, 2377, 3435, 3137, 60, 5.42%, 0, 4, 4, 107.25
1563408347, 0, 2382, 3435, 3136, 59, 5.42%, 0, 4, 4, 124.17
1563408449, 0, 2389, 3435, 3135, 58, 5.42%, 0, 4, 4, 117.35
1563408571, 0, 2391, 3435, 3134, 57, 5.42%, 0, 4, 4, 112.84
1563408668, 0, 2394, 3435, 3133, 56, 5.42%, 0, 4, 4, 119.05
1563408780, 0, 2397, 3436, 3133, 55, 5.42%, 0, 4, 4, 106.13
1563408918, 0, 2411, 3436, 3132, 54, 5.42%, 0, 4, 4, 118.11
1563409148, 0, 2419, 3436, 3131, 53, 5.42%, 0, 4, 4, 104.90
1563409576, 0, 2423, 3436, 3130, 52, 5.42%, 0, 4, 4, 106.69
1563409830, 0, 2426, 3436, 3129, 51, 5.42%, 0, 4, 4, 120.50
1563410019, 0, 2435, 3442, 3134, 50, 5.42%, 0, 4, 4, 112.52
1563410192, 0, 2448, 3442, 3133, 49, 5.42%, 0, 4, 4, 116.24
1563410279, 0, 2531, 3442, 3132, 48, 5.42%, 0, 4, 4, 118.70
1563411495, 0, 2554, 3442, 3131, 48, 5.42%, 0, 4, 4, 99.00
1563411759, 0, 2617, 3442, 3130, 47, 5.42%, 0, 4, 4, 116.82
1563411917, 0, 2631, 3449, 3136, 46, 5.42%, 0, 4, 4, 105.27
1563412060, 0, 2631, 3450, 3137, 46, 5.42%, 0, 4, 4, 115.12
1563412111, 0, 2637, 3450, 3136, 46, 5.42%, 0, 4, 4, 117.67
1563412330, 0, 2700, 3450, 3135, 46, 5.42%, 0, 4, 4, 106.96
1563412396, 0, 2773, 3450, 3134, 45, 5.42%, 0, 4, 4, 114.42
1563412845, 0, 2791, 3450, 3133, 44, 5.42%, 0, 4, 4, 94.74
