# unix_time, cycles_done, cur_path, paths_total, pending_total, pending_favs, map_size, unique_crashes, unique_hangs, max_depth, execs_per_sec
1563350502, 0, 0, 2, 2, 2, 0.47%, 0, 0, 1, 118.52
1563350507, 0, 0, 21, 21, 2, 0.66%, 0, 0, 2, 109.83
1563350512, 0, 0, 42, 42, 2, 0.80%, 0, 0, 2, 103.17
1563350517, 0, 0, 43, 43, 2, 0.81%, 0, 0, 2, 101.26
1563350532, 0, 0, 62, 62, 2, 1.00%, 0, 0, 2, 100.81
1563350537, 0, 0, 77, 77, 2, 1.03%, 0, 0, 2, 99.01
1563350542, 0, 0, 88, 88, 2, 1.18%, 0, 0, 2, 101.15
1563350547, 0, 0, 94, 94, 2, 1.21%, 0, 0, 2, 99.42
1563350563, 0, 0, 106, 106, 2, 1.28%, 0, 0, 2, 107.43
1563350568, 0, 0, 113, 113, 2, 1.30%, 0, 0, 2, 105.83
1563350573, 0, 0, 120, 120, 2, 1.33%, 0, 0, 2, 109.26
1563350578, 0, 0, 121, 121, 2, 1.33%, 0, 0, 2, 109.26
1563350593, 0, 0, 127, 127, 2, 1.35%, 0, 0, 2, 104.59
1563350598, 0, 0, 128, 128, 2, 1.35%, 0, 0, 2, 101.68
1563350603, 0, 0, 132, 132, 2, 1.35%, 0, 0, 2, 104.59
1563350613, 0, 0, 136, 136, 2, 1.37%, 0, 0, 2, 106.19
1563350624, 0, 0, 147, 147, 2, 1.59%, 0, 0, 2, 111.49
1563350629, 0, 0, 148, 148, 2, 1.59%, 0, 0, 2, 110.47
1563350639, 0, 0, 152, 152, 2, 1.60%, 0, 0, 2, 107.82
1563350644, 0, 0, 164, 164, 2, 1.81%, 0, 0, 2, 109.50
1563350659, 0, 0, 174, 174, 2, 1.90%, 0, 0, 2, 100.24
1563350664, 0, 0, 178, 178, 2, 1.91%, 0, 0, 2, 100.61
1563350680, 0, 0, 180, 180, 2, 1.94%, 0, 0, 2, 104.50
1563350690, 0, 0, 181, 181, 2, 1.94%, 0, 0, 2, 97.14
1563350711, 0, 0, 185, 185, 2, 1.95%, 0, 0, 2, 104.31
1563350716, 0, 0, 187, 187, 2, 1.95%, 0, 0, 2, 104.07
1563350721, 0, 0, 188, 188, 2, 1.97%, 0, 0, 2, 98.72
1563350726, 0, 0, 193, 193, 2, 1.98%, 0, 0, 2, 99.15
1563350731, 0, 0, 194, 194, 2, 1.98%, 0, 0, 2, 98.46
1563350736, 0, 0, 198, 198, 2, 2.00%, 0, 0, 2, 99.16
1563350747, 0, 0, 201, 201, 2, 2.00%, 0, 0, 2, 99.36
1563350762, 0, 0, 203, 203, 2, 2.00%, 0, 0, 2, 102.00
1563350767, 0, 0, 205, 205, 2, 2.00%, 0, 0, 2, 100.88
1563350772, 0, 0, 207, 207, 2, 2.00%, 0, 0, 2, 103.11
1563350782, 0, 0, 212, 212, 2, 2.02%, 0, 0, 2, 111.67
1563350792, 0, 0, 214, 214, 2, 2.02%, 0, 0, 2, 104.71
1563350797, 0, 0, 217, 217, 2, 2.02%, 0, 0, 2, 100.19
1563350813, 0, 0, 225, 225, 2, 2.07%, 0, 0, 2, 106.65
1563350818, 0, 0, 232, 232, 2, 2.07%, 0, 0, 2, 108.65
1563350823, 0, 0, 240, 240, 2, 2.08%, 0, 0, 2, 110.59
1563350828, 0, 0, 243, 243, 2, 2.08%, 0, 0, 2, 106.71
1563350833, 0, 0, 249, 249, 2, 2.10%, 0, 0, 2, 104.78
1563350838, 0, 0, 252, 252, 2, 2.10%, 0, 0, 2, 105.43
1563350843, 0, 0, 257, 257, 2, 2.16%, 0, 0, 2, 104.20
1563350848, 0, 0, 259, 259, 2, 2.24%, 0, 0, 2, 107.68
1563350853, 0, 0, 261, 261, 2, 2.24%, 0, 0, 2, 110.01
1563350858, 0, 0, 267, 267, 2, 2.28%, 0, 0, 2, 114.65
1563350863, 0, 0, 270, 270, 2, 2.28%, 0, 0, 2, 106.74
1563350868, 0, 0, 275, 275, 2, 2.29%, 0, 0, 2, 108.70
1563350873, 0, 0, 279, 279, 2, 2.29%, 0, 0, 2, 107.95
1563350878, 0, 0, 283, 283, 2, 2.29%, 0, 0, 2, 107.62
1563350883, 0, 0, 287, 287, 2, 2.29%, 0, 0, 2, 107.26
1563350889, 0, 0, 289, 289, 2, 2.29%, 0, 0, 2, 108.40
1563350894, 0, 0, 292, 292, 2, 2.30%, 0, 0, 2, 109.01
1563350899, 0, 0, 293, 293, 2, 2.31%, 0, 0, 2, 108.94
1563350904, 0, 0, 295, 295, 2, 2.35%, 0, 0, 2, 109.65
1563350909, 0, 0, 297, 297, 2, 2.35%, 0, 0, 2, 110.53
1563350914, 0, 0, 301, 301, 2, 2.36%, 0, 0, 2, 111.55
1563350919, 0, 0, 304, 304, 2, 2.37%, 0, 0, 2, 113.53
1563350924, 0, 0, 307, 307, 2, 2.37%, 0, 0, 2, 115.03
1563350929, 0, 0, 312, 312, 2, 2.37%, 0, 0, 2, 114.39
1563350934, 0, 0, 314, 314, 2, 2.38%, 0, 0, 2, 112.20
1563350940, 0, 0, 317, 317, 2, 2.39%, 0, 0, 2, 109.26
1563350945, 0, 0, 319, 319, 2, 2.39%, 0, 0, 2, 105.82
1563350950, 0, 0, 320, 320, 2, 2.41%, 0, 0, 2, 107.15
1563350955, 0, 0, 325, 325, 2, 2.41%, 0, 0, 2, 108.04
1563350960, 0, 0, 328, 328, 2, 2.42%, 0, 0, 2, 112.53
1563350965, 0, 0, 330, 330, 2, 2.42%, 0, 0, 2, 113.78
1563350970, 0, 0, 331, 331, 2, 2.42%, 0, 0, 2, 116.50
1563350975, 0, 0, 332, 332, 2, 2.42%, 0, 0, 2, 114.04
1563350980, 0, 0, 333, 333, 2, 2.42%, 0, 0, 2, 117.70
1563350985, 0, 0, 335, 335, 2, 2.42%, 0, 0, 2, 115.83
1563350990, 0, 0, 336, 336, 2, 2.42%, 0, 0, 2, 117.77
1563351001, 0, 0, 338, 338, 2, 2.42%, 0, 0, 2, 118.85
1563351006, 0, 0, 339, 339, 2, 2.42%, 0, 0, 2, 120.24
1563351016, 0, 0, 341, 341, 2, 2.42%, 0, 0, 2, 113.09
1563351021, 0, 0, 344, 344, 2, 2.42%, 0, 0, 2, 112.92
1563351026, 0, 0, 348, 348, 2, 2.42%, 0, 0, 2, 115.68
1563351036, 0, 0, 350, 350, 2, 2.43%, 0, 0, 2, 117.02
1563351041, 0, 0, 353, 353, 2, 2.43%, 0, 0, 2, 118.69
1563351047, 0, 0, 358, 358, 2, 2.48%, 0, 0, 2, 115.96
1563351052, 0, 0, 362, 362, 2, 2.48%, 0, 0, 2, 114.45
1563351062, 0, 0, 364, 364, 2, 2.49%, 0, 0, 2, 108.16
1563351072, 0, 0, 365, 365, 2, 2.49%, 0, 0, 2, 110.55
1563351077, 0, 0, 366, 366, 2, 2.49%, 0, 0, 2, 108.98
1563351082, 0, 0, 369, 369, 2, 2.51%, 0, 0, 2, 107.51
1563351087, 0, 0, 370, 370, 2, 2.52%, 0, 0, 2, 107.57
1563351092, 0, 0, 374, 374, 2, 2.54%, 0, 0, 2, 106.63
1563351107, 0, 0, 378, 378, 2, 2.54%, 0, 0, 2, 107.06
1563351112, 0, 0, 381, 381, 2, 2.54%, 0, 0, 2, 107.23
1563351117, 0, 0, 402, 401, 1, 2.58%, 0, 0, 2, 106.60
1563351122, 0, 0, 451, 450, 1, 2.73%, 0, 0, 2, 104.94
1563351128, 0, 0, 501, 500, 1, 2.85%, 0, 0, 2, 102.51
1563351133, 0, 0, 546, 545, 1, 2.90%, 0, 0, 2, 102.33
1563351138, 0, 0, 594, 593, 1, 2.94%, 0, 0, 2, 103.61
1563351143, 0, 2, 595, 594, 170, 2.94%, 0, 0, 2, 115.42
1563351148, 0, 10, 596, 594, 169, 2.94%, 0, 0, 3, 118.79
1563351153, 0, 10, 598, 596, 169, 2.95%, 0, 0, 3, 118.60
1563351174, 0, 10, 601, 599, 169, 2.95%, 0, 0, 3, 118.28
1563351256, 0, 32, 601, 598, 171, 2.95%, 0, 0, 3, 120.33
1563351332, 0, 32, 602, 599, 171, 2.95%, 0, 0, 3, 112.44
1563351362, 0, 32, 603, 600, 171, 2.95%, 0, 0, 3, 107.37
1563351367, 0, 32, 605, 602, 171, 2.95%, 0, 0, 3, 104.07
1563351387, 0, 32, 606, 603, 171, 2.95%, 0, 0, 3, 101.13
1563351444, 0, 32, 607, 604, 171, 2.95%, 0, 0, 3, 112.38
1563351510, 0, 32, 608, 605, 171, 2.95%, 0, 0, 3, 124.32
1563351515, 0, 32, 610, 607, 171, 2.95%, 0, 0, 3, 120.05
1563351530, 0, 32, 612, 609, 171, 2.95%, 0, 0, 3, 123.91
1563351566, 0, 32, 613, 610, 171, 2.95%, 0, 0, 3, 123.96
1563351571, 0, 32, 614, 611, 171, 2.95%, 0, 0, 3, 123.33
1563351586, 0, 32, 615, 612, 171, 2.95%, 0, 0, 3, 112.20
1563351602, 0, 32, 616, 613, 171, 2.95%, 0, 0, 3, 111.36
1563351632, 0, 32, 617, 614, 171, 2.95%, 0, 0, 3, 115.36
1563351642, 0, 32, 618, 615, 171, 2.95%, 0, 0, 3, 114.03
1563351647, 0, 32, 620, 617, 171, 2.97%, 0, 0, 3, 111.98
1563351663, 0, 32, 621, 618, 171, 2.97%, 0, 0, 3, 111.89
1563351703, 0, 32, 622, 619, 171, 2.97%, 0, 0, 3, 122.79
1563351708, 0, 32, 623, 620, 171, 2.97%, 0, 0, 3, 119.81
1563351713, 0, 32, 625, 622, 171, 2.97%, 0, 0, 3, 118.08
1563351734, 0, 32, 626, 623, 171, 2.97%, 0, 0, 3, 112.59
1563351770, 0, 32, 627, 624, 171, 2.97%, 0, 0, 3, 119.72
1563351786, 0, 33, 627, 623, 173, 2.97%, 0, 0, 3, 121.04
1563351791, 0, 33, 630, 626, 173, 2.97%, 0, 0, 3, 111.95
1563351816, 0, 33, 631, 627, 173, 2.97%, 0, 0, 3, 111.08
1563351902, 0, 33, 632, 628, 173, 2.97%, 0, 0, 3, 104.39
1563352064, 0, 34, 632, 627, 174, 2.97%, 0, 0, 3, 109.43
1563352146, 0, 34, 633, 628, 174, 2.97%, 0, 0, 3, 99.44
1563352349, 0, 34, 634, 629, 174, 2.97%, 0, 0, 3, 115.42
1563352359, 0, 34, 658, 652, 173, 3.19%, 0, 0, 3, 116.31
1563352365, 0, 34, 725, 719, 173, 3.39%, 0, 0, 3, 119.40
1563352370, 0, 34, 790, 784, 173, 3.57%, 0, 0, 3, 117.26
1563352375, 0, 34, 856, 850, 173, 3.69%, 0, 0, 3, 115.86
1563352380, 0, 34, 920, 914, 173, 3.75%, 0, 0, 3, 115.15
1563352385, 0, 36, 966, 960, 214, 3.76%, 0, 0, 3, 113.15
1563352411, 0, 36, 967, 961, 214, 3.76%, 0, 0, 3, 111.73
1563352685, 0, 51, 967, 960, 214, 3.76%, 0, 0, 3, 117.80
1563352986, 0, 52, 967, 959, 213, 3.76%, 0, 0, 3, 108.70
1563353011, 0, 52, 973, 965, 213, 3.79%, 0, 0, 3, 100.97
1563353037, 0, 52, 974, 966, 213, 3.79%, 0, 0, 3, 104.32
1563353078, 0, 52, 975, 967, 213, 3.79%, 0, 0, 3, 105.42
1563353123, 0, 52, 976, 968, 213, 3.79%, 0, 0, 3, 102.99
1563353266, 0, 52, 978, 970, 213, 3.79%, 0, 0, 3, 115.81
1563353302, 0, 52, 979, 971, 213, 3.79%, 0, 0, 3, 122.47
1563353312, 0, 53, 979, 970, 215, 3.79%, 0, 0, 3, 110.45
1563353629, 0, 67, 979, 969, 214, 3.79%, 0, 0, 3, 115.30
1563353654, 0, 67, 980, 970, 214, 3.79%, 0, 0, 3, 107.24
1563353941, 0, 67, 1023, 1012, 213, 3.94%, 0, 0, 3, 103.88
1563353946, 0, 67, 1079, 1068, 213, 4.04%, 0, 0, 3, 102.12
1563353951, 0, 67, 1135, 1124, 213, 4.12%, 0, 0, 3, 102.81
1563353956, 0, 67, 1193, 1182, 213, 4.14%, 0, 0, 3, 103.93
1563353961, 0, 91, 1245, 1234, 230, 4.22%, 0, 0, 3, 104.75
1563354089, 0, 91, 1246, 1235, 230, 4.22%, 0, 0, 3, 99.71
1563354247, 0, 96, 1246, 1234, 230, 4.22%, 0, 0, 3, 120.21
1563354309, 0, 96, 1247, 1235, 230, 4.22%, 0, 0, 3, 106.50
