# unix_time, cycles_done, cur_path, paths_total, pending_total, pending_favs, map_size, unique_crashes, unique_hangs, max_depth, execs_per_sec
1563336113, 0, 0, 2, 2, 2, 0.47%, 0, 0, 1, 188.24
1563336118, 0, 0, 42, 42, 2, 0.80%, 0, 0, 2, 187.72
1563336123, 0, 0, 43, 43, 2, 0.81%, 0, 0, 2, 161.29
1563336134, 0, 0, 74, 74, 2, 1.03%, 0, 0, 2, 157.10
1563336139, 0, 0, 88, 88, 2, 1.18%, 0, 0, 2, 160.75
1563336144, 0, 0, 94, 94, 2, 1.21%, 0, 0, 2, 152.92
1563336154, 0, 0, 106, 106, 2, 1.28%, 0, 0, 2, 148.82
1563336159, 0, 0, 118, 118, 2, 1.33%, 0, 0, 2, 157.71
1563336164, 0, 0, 121, 121, 2, 1.33%, 0, 0, 2, 152.43
1563336174, 0, 0, 127, 127, 2, 1.35%, 0, 0, 2, 149.71
1563336179, 0, 0, 129, 129, 2, 1.35%, 0, 0, 2, 154.81
1563336184, 0, 0, 132, 132, 2, 1.35%, 0, 0, 2, 161.45
1563336189, 0, 0, 136, 136, 2, 1.37%, 0, 0, 2, 151.75
1563336195, 0, 0, 141, 141, 2, 1.51%, 0, 0, 2, 151.84
1563336200, 0, 0, 148, 148, 2, 1.59%, 0, 0, 2, 150.70
1563336210, 0, 0, 164, 164, 2, 1.81%, 0, 0, 2, 154.48
1563336220, 0, 0, 174, 174, 2, 1.90%, 0, 0, 2, 152.71
1563336225, 0, 0, 178, 178, 2, 1.91%, 0, 0, 2, 142.22
1563336240, 0, 0, 180, 180, 2, 1.94%, 0, 0, 2, 106.23
1563336245, 0, 0, 181, 181, 2, 1.94%, 0, 0, 2, 98.56
1563336266, 0, 0, 182, 182, 2, 1.94%, 0, 0, 2, 107.09
1563336271, 0, 0, 187, 187, 2, 1.95%, 0, 0, 2, 105.45
1563336276, 0, 0, 188, 188, 2, 1.97%, 0, 0, 2, 106.91
1563336281, 0, 0, 190, 190, 2, 1.98%, 0, 0, 2, 107.76
1563336286, 0, 0, 194, 194, 2, 1.98%, 0, 0, 2, 102.59
1563336291, 0, 0, 198, 198, 2, 2.00%, 0, 0, 2, 104.65
1563336301, 0, 0, 201, 201, 2, 2.00%, 0, 0, 2, 103.80
1563336317, 0, 0, 203, 203, 2, 2.00%, 0, 0, 2, 103.69
1563336322, 0, 0, 205, 205, 2, 2.00%, 0, 0, 2, 102.51
1563336327, 0, 0, 207, 207, 2, 2.00%, 0, 0, 2, 103.04
1563336337, 0, 0, 212, 212, 2, 2.02%, 0, 0, 2, 107.49
1563336347, 0, 0, 214, 214, 2, 2.02%, 0, 0, 2, 106.35
1563336352, 0, 0, 217, 217, 2, 2.02%, 0, 0, 2, 101.83
1563336368, 0, 0, 224, 224, 2, 2.02%, 0, 0, 2, 110.53
1563336373, 0, 0, 232, 232, 2, 2.07%, 0, 0, 2, 114.89
1563336378, 0, 0, 236, 236, 2, 2.07%, 0, 0, 2, 115.52
1563336383, 0, 0, 240, 240, 2, 2.09%, 0, 0, 2, 111.43
1563336388, 0, 0, 245, 245, 2, 2.11%, 0, 0, 2, 114.23
1563336393, 0, 0, 250, 250, 2, 2.11%, 0, 0, 2, 115.23
1563336399, 0, 0, 254, 254, 2, 2.11%, 0, 0, 2, 115.90
1563336404, 0, 0, 257, 257, 2, 2.13%, 0, 0, 2, 115.39
1563336409, 0, 0, 262, 262, 2, 2.13%, 0, 0, 2, 113.19
1563336414, 0, 0, 265, 265, 2, 2.15%, 0, 0, 2, 113.67
1563336419, 0, 0, 270, 270, 2, 2.16%, 0, 0, 2, 115.96
1563336424, 0, 0, 273, 273, 2, 2.21%, 0, 0, 2, 113.45
1563336429, 0, 0, 276, 276, 2, 2.21%, 0, 0, 2, 115.04
1563336434, 0, 0, 281, 281, 2, 2.21%, 0, 0, 2, 112.31
1563336439, 0, 0, 284, 284, 2, 2.21%, 0, 0, 2, 112.03
1563336444, 0, 0, 286, 286, 2, 2.24%, 0, 0, 2, 112.34
1563336455, 0, 0, 288, 288, 2, 2.27%, 0, 0, 2, 115.98
1563336465, 0, 0, 294, 294, 2, 2.29%, 0, 0, 2, 115.28
1563336470, 0, 0, 295, 295, 2, 2.29%, 0, 0, 2, 112.28
1563336475, 0, 0, 297, 297, 2, 2.30%, 0, 0, 2, 113.83
1563336485, 0, 0, 302, 302, 2, 2.30%, 0, 0, 2, 109.01
1563336491, 0, 0, 303, 303, 2, 2.30%, 0, 0, 2, 113.34
1563336496, 0, 0, 304, 304, 2, 2.30%, 0, 0, 2, 113.34
1563336501, 0, 0, 305, 305, 2, 2.30%, 0, 0, 2, 116.51
1563336506, 0, 0, 306, 306, 2, 2.30%, 0, 0, 2, 114.44
1563336511, 0, 0, 309, 309, 2, 2.31%, 0, 0, 2, 111.08
1563336516, 0, 0, 311, 311, 2, 2.37%, 0, 0, 2, 112.01
1563336521, 0, 0, 313, 313, 2, 2.37%, 0, 0, 2, 114.53
1563336526, 0, 0, 315, 315, 2, 2.39%, 0, 0, 2, 111.41
1563336531, 0, 0, 319, 319, 2, 2.39%, 0, 0, 2, 109.96
1563336536, 0, 0, 322, 322, 2, 2.40%, 0, 0, 2, 112.19
1563336541, 0, 0, 324, 324, 2, 2.40%, 0, 0, 2, 111.80
1563336546, 0, 0, 327, 327, 2, 2.41%, 0, 0, 2, 113.42
1563336551, 0, 0, 330, 330, 2, 2.41%, 0, 0, 2, 107.86
1563336561, 0, 0, 332, 332, 2, 2.44%, 0, 0, 2, 107.77
1563336566, 0, 0, 334, 334, 2, 2.44%, 0, 0, 2, 110.42
1563336572, 0, 0, 337, 337, 2, 2.45%, 0, 0, 2, 111.10
1563336577, 0, 0, 340, 340, 2, 2.45%, 0, 0, 2, 113.04
1563336582, 0, 0, 343, 343, 2, 2.46%, 0, 0, 2, 110.41
1563336592, 0, 0, 344, 344, 2, 2.46%, 0, 0, 2, 108.40
1563336597, 0, 0, 349, 349, 2, 2.48%, 0, 0, 2, 106.37
1563336602, 0, 0, 350, 350, 2, 2.48%, 0, 0, 2, 109.29
1563336617, 0, 0, 352, 352, 2, 2.48%, 0, 0, 2, 111.31
1563336622, 0, 0, 354, 354, 2, 2.48%, 0, 0, 2, 113.36
1563336627, 0, 0, 357, 357, 2, 2.49%, 0, 0, 2, 115.70
1563336632, 0, 0, 359, 359, 2, 2.49%, 0, 0, 2, 116.44
1563336637, 0, 0, 360, 360, 2, 2.49%, 0, 0, 2, 115.40
1563336642, 0, 0, 365, 365, 2, 2.51%, 0, 0, 2, 116.10
1563336652, 0, 0, 367, 367, 2, 2.52%, 0, 0, 2, 115.03
1563336657, 0, 0, 370, 370, 2, 2.52%, 0, 0, 2, 111.81
1563336662, 0, 0, 374, 374, 2, 2.52%, 0, 0, 2, 114.41
1563336667, 0, 0, 391, 390, 1, 2.60%, 0, 0, 2, 112.02
1563336672, 0, 0, 446, 445, 1, 2.80%, 0, 0, 2, 110.81
1563336678, 0, 0, 503, 502, 1, 3.00%, 0, 0, 2, 112.38
1563336683, 0, 0, 554, 553, 1, 3.06%, 0, 0, 2, 100.60
1563336688, 0, 0, 607, 606, 1, 3.19%, 0, 0, 2, 107.46
1563336693, 0, 0, 660, 659, 1, 3.23%, 0, 0, 2, 107.17
1563336698, 0, 0, 711, 710, 1, 3.29%, 0, 0, 2, 108.32
1563336703, 0, 0, 736, 735, 1, 3.33%, 0, 0, 2, 105.62
1563336708, 0, 0, 765, 764, 1, 3.38%, 0, 0, 2, 106.70
1563336713, 0, 0, 785, 784, 1, 3.47%, 0, 0, 2, 107.46
1563336718, 0, 0, 797, 796, 1, 3.50%, 0, 0, 2, 105.61
1563336723, 0, 2, 807, 806, 218, 3.55%, 0, 0, 2, 114.89
1563336728, 0, 10, 807, 805, 217, 3.55%, 0, 0, 2, 122.81
1563336835, 0, 10, 808, 806, 217, 3.55%, 0, 0, 3, 114.64
1563336850, 0, 16, 808, 805, 217, 3.55%, 0, 0, 3, 107.75
1563337166, 0, 19, 808, 804, 216, 3.55%, 0, 0, 3, 109.78
1563337223, 0, 19, 809, 805, 216, 3.55%, 0, 0, 3, 101.89
1563337278, 0, 19, 811, 807, 216, 3.56%, 0, 0, 3, 101.52
1563337472, 0, 19, 812, 808, 216, 3.56%, 0, 0, 3, 107.76
1563337482, 0, 24, 812, 807, 215, 3.56%, 0, 0, 3, 102.29
1563337538, 0, 24, 813, 808, 215, 3.56%, 0, 0, 3, 99.60
1563337584, 0, 24, 814, 809, 215, 3.56%, 0, 0, 3, 101.68
1563337788, 0, 24, 815, 810, 215, 3.56%, 0, 0, 3, 110.51
1563337804, 0, 24, 846, 840, 214, 3.73%, 0, 0, 3, 106.51
1563337809, 0, 24, 903, 897, 214, 3.89%, 0, 0, 3, 106.02
1563337814, 0, 24, 965, 959, 214, 4.06%, 0, 0, 3, 111.59
1563337819, 0, 24, 1020, 1014, 214, 4.16%, 0, 0, 3, 104.26
1563337824, 0, 24, 1076, 1070, 214, 4.21%, 0, 0, 3, 102.62
1563337829, 0, 24, 1134, 1128, 214, 4.24%, 0, 0, 3, 107.75
1563337834, 0, 24, 1189, 1183, 214, 4.26%, 0, 0, 3, 105.84
1563337839, 0, 24, 1243, 1237, 214, 4.30%, 0, 0, 3, 104.11
1563337844, 0, 24, 1270, 1264, 214, 4.34%, 0, 0, 3, 94.76
1563337849, 0, 24, 1293, 1287, 214, 4.35%, 0, 0, 3, 89.04
1563337854, 0, 24, 1299, 1293, 214, 4.35%, 0, 0, 3, 93.71
1563337859, 0, 32, 1301, 1295, 269, 4.36%, 0, 0, 3, 105.02
1563337981, 0, 32, 1304, 1298, 269, 4.36%, 0, 0, 3, 107.95
1563338144, 0, 33, 1304, 1297, 268, 4.36%, 0, 0, 3, 107.69
1563338266, 0, 33, 1305, 1298, 268, 4.36%, 0, 0, 3, 108.20
1563338425, 0, 33, 1306, 1299, 268, 4.36%, 0, 0, 3, 114.16
1563338435, 0, 34, 1306, 1298, 267, 4.36%, 0, 0, 3, 112.79
1563338517, 0, 34, 1307, 1299, 267, 4.36%, 0, 0, 3, 100.22
1563338731, 0, 36, 1307, 1298, 266, 4.36%, 0, 0, 3, 112.79
1563338751, 0, 36, 1308, 1299, 266, 4.36%, 0, 0, 3, 102.68
1563339047, 0, 47, 1308, 1298, 265, 4.36%, 0, 0, 3, 112.10
1563339158, 0, 47, 1309, 1299, 265, 4.36%, 0, 0, 3, 100.80
1563339351, 0, 47, 1356, 1345, 264, 4.61%, 0, 0, 3, 106.83
1563339356, 0, 47, 1415, 1404, 264, 4.65%, 0, 0, 3, 102.54
1563339362, 0, 47, 1470, 1459, 264, 4.78%, 0, 0, 3, 101.77
1563339367, 0, 47, 1533, 1522, 264, 4.82%, 0, 0, 3, 109.97
1563339372, 0, 47, 1591, 1580, 264, 4.87%, 0, 0, 3, 106.21
1563339377, 0, 47, 1649, 1638, 264, 4.90%, 0, 0, 3, 107.76
1563339382, 0, 47, 1707, 1696, 264, 4.95%, 0, 0, 3, 104.38
1563339387, 0, 47, 1727, 1716, 264, 4.96%, 0, 0, 3, 107.06
1563339392, 0, 47, 1730, 1719, 264, 4.96%, 0, 0, 3, 108.49
1563339397, 0, 51, 1730, 1719, 285, 4.96%, 0, 0, 3, 110.27
1563339724, 0, 52, 1730, 1718, 284, 4.96%, 0, 0, 3, 107.45
1563340055, 0, 53, 1730, 1717, 283, 4.96%, 0, 0, 3, 113.89
1563340376, 0, 66, 1730, 1716, 282, 4.96%, 0, 0, 3, 112.00
1563340691, 0, 91, 1730, 1715, 281, 4.96%, 0, 0, 3, 101.47
1563340981, 0, 91, 1766, 1750, 280, 5.06%, 0, 0, 3, 105.83
1563340986, 0, 91, 1820, 1804, 280, 5.08%, 0, 0, 3, 100.28
1563340991, 0, 91, 1876, 1860, 280, 5.12%, 0, 0, 3, 100.53
1563340996, 0, 91, 1930, 1914, 280, 5.14%, 0, 0, 3, 98.78
1563341002, 0, 91, 1986, 1970, 280, 5.16%, 0, 0, 3, 101.18
1563341007, 0, 91, 2031, 2015, 280, 5.16%, 0, 0, 3, 103.53
1563341012, 0, 91, 2038, 2022, 280, 5.16%, 0, 0, 3, 100.18
1563341017, 0, 93, 2040, 2024, 296, 5.16%, 0, 0, 3, 112.16
1563341195, 0, 118, 2040, 2023, 295, 5.16%, 0, 0, 3, 109.90
1563341373, 0, 124, 2040, 2022, 293, 5.16%, 0, 0, 3, 128.40
1563341688, 0, 136, 2040, 2021, 292, 5.16%, 0, 0, 3, 115.96
1563341831, 0, 144, 2040, 2020, 291, 5.16%, 0, 0, 3, 115.84
1563341948, 0, 144, 2041, 2021, 291, 5.16%, 0, 0, 3, 115.01
1563342106, 0, 144, 2059, 2038, 290, 5.18%, 0, 0, 3, 107.92
1563342111, 0, 144, 2119, 2098, 290, 5.21%, 0, 0, 3, 107.90
1563342116, 0, 144, 2178, 2157, 290, 5.21%, 0, 0, 3, 109.09
1563342121, 0, 144, 2221, 2200, 290, 5.21%, 0, 0, 3, 106.96
1563342126, 0, 145, 2225, 2204, 287, 5.21%, 0, 0, 3, 99.44
1563342279, 0, 154, 2225, 2203, 286, 5.21%, 0, 0, 3, 113.03
1563342605, 0, 155, 2225, 2202, 285, 5.21%, 0, 0, 3, 113.59
1563342910, 0, 156, 2225, 2201, 284, 5.21%, 0, 0, 3, 119.41
1563343222, 0, 158, 2225, 2200, 283, 5.21%, 0, 0, 3, 118.77
1563343517, 0, 158, 2265, 2239, 282, 5.26%, 0, 0, 3, 109.79
1563343522, 0, 158, 2318, 2292, 282, 5.28%, 0, 0, 3, 94.09
1563343527, 0, 158, 2362, 2336, 282, 5.29%, 0, 0, 3, 85.60
1563343533, 0, 158, 2408, 2382, 282, 5.29%, 0, 0, 3, 103.90
1563343538, 0, 158, 2458, 2432, 282, 5.30%, 0, 0, 3, 96.11
1563343543, 0, 158, 2478, 2452, 282, 5.30%, 0, 0, 3, 91.85
1563343548, 0, 159, 2481, 2455, 287, 5.30%, 0, 0, 3, 97.22
1563343859, 0, 182, 2481, 2454, 286, 5.30%, 0, 0, 3, 116.59
1563344017, 0, 182, 2482, 2455, 286, 5.30%, 0, 0, 3, 110.24
1563344033, 0, 244, 2482, 2454, 285, 5.30%, 0, 0, 3, 120.92
1563344160, 0, 297, 2482, 2453, 285, 5.30%, 0, 0, 3, 117.95
1563344283, 0, 310, 2482, 2452, 284, 5.30%, 0, 0, 3, 120.25
1563344405, 0, 310, 2523, 2492, 283, 5.32%, 0, 0, 3, 105.23
1563344410, 0, 310, 2565, 2534, 283, 5.36%, 0, 0, 3, 79.56
1563344415, 0, 310, 2613, 2582, 283, 5.38%, 0, 0, 3, 83.81
1563344420, 0, 310, 2646, 2615, 283, 5.38%, 0, 0, 3, 89.54
1563344426, 0, 352, 2653, 2622, 284, 5.38%, 0, 0, 3, 111.21
1563344549, 0, 364, 2653, 2621, 283, 5.38%, 0, 0, 3, 125.57
1563344804, 0, 378, 2653, 2620, 283, 5.38%, 0, 0, 3, 133.28
1563344830, 0, 381, 2653, 2619, 282, 5.38%, 0, 0, 3, 131.33
1563344969, 0, 382, 2653, 2618, 281, 5.38%, 0, 0, 3, 127.92
1563345154, 0, 382, 2678, 2642, 280, 5.41%, 0, 0, 3, 104.10
1563345159, 0, 382, 2730, 2694, 280, 5.42%, 0, 0, 3, 96.85
1563345164, 0, 382, 2759, 2723, 280, 5.42%, 0, 0, 3, 89.62
1563345169, 0, 383, 2761, 2725, 278, 5.42%, 0, 0, 3, 122.59
1563345368, 0, 384, 2761, 2724, 277, 5.42%, 0, 0, 3, 129.54
1563345695, 0, 385, 2761, 2723, 276, 5.42%, 0, 0, 3, 124.43
1563345838, 0, 388, 2761, 2722, 275, 5.42%, 0, 0, 3, 131.08
1563345864, 0, 388, 2762, 2723, 275, 5.42%, 0, 0, 3, 121.70
1563345987, 0, 400, 2762, 2722, 275, 5.42%, 0, 0, 3, 138.80
1563346074, 0, 400, 2792, 2751, 274, 5.42%, 0, 0, 3, 105.05
1563346079, 0, 400, 2832, 2791, 274, 5.42%, 0, 0, 3, 74.20
1563346084, 0, 400, 2869, 2828, 274, 5.42%, 0, 0, 3, 76.20
1563346089, 0, 407, 2875, 2834, 268, 5.42%, 0, 0, 3, 102.96
1563346171, 0, 419, 2875, 2833, 267, 5.42%, 0, 0, 3, 133.12
1563346350, 0, 430, 2875, 2832, 266, 5.42%, 0, 0, 3, 127.12
1563346458, 0, 436, 2875, 2831, 265, 5.42%, 0, 0, 3, 129.06
1563346643, 0, 439, 2875, 2830, 264, 5.42%, 0, 0, 3, 128.64
1563346796, 0, 439, 2882, 2836, 263, 5.42%, 0, 0, 3, 121.58
1563346802, 0, 439, 2926, 2880, 263, 5.42%, 0, 0, 3, 88.48
1563346807, 0, 443, 2955, 2909, 263, 5.42%, 0, 0, 3, 87.71
1563346822, 0, 443, 2956, 2910, 263, 5.42%, 0, 0, 3, 138.44
1563346904, 0, 444, 2956, 2909, 263, 5.42%, 0, 0, 3, 142.33
1563347001, 0, 447, 2956, 2908, 262, 5.42%, 0, 0, 3, 125.30
1563347073, 0, 447, 2957, 2909, 262, 5.42%, 0, 0, 3, 133.81
1563347084, 0, 457, 2957, 2908, 261, 5.42%, 0, 0, 3, 127.30
1563347191, 0, 458, 2957, 2907, 260, 5.42%, 0, 0, 3, 117.25
1563347247, 0, 458, 2988, 2937, 259, 5.42%, 0, 0, 3, 78.32
1563347252, 0, 463, 3000, 2949, 259, 5.42%, 0, 0, 3, 55.43
1563347650, 0, 464, 3000, 2948, 258, 5.42%, 0, 0, 3, 90.99
1563347875, 0, 476, 3000, 2947, 257, 5.42%, 0, 0, 3, 118.01
1563348126, 0, 477, 3000, 2946, 255, 5.42%, 0, 0, 3, 121.17
1563348398, 0, 478, 3000, 2945, 254, 5.42%, 0, 0, 3, 132.27
1563348520, 0, 478, 3021, 2965, 253, 5.42%, 0, 0, 3, 93.94
1563348526, 0, 478, 3053, 2997, 253, 5.42%, 0, 0, 3, 79.85
1563348531, 0, 485, 3053, 2997, 253, 5.42%, 0, 0, 3, 107.99
1563348684, 0, 501, 3053, 2996, 252, 5.42%, 0, 0, 3, 119.08
1563349073, 0, 506, 3053, 2995, 252, 5.42%, 0, 0, 3, 118.03
1563349088, 0, 511, 3053, 2994, 251, 5.42%, 0, 0, 3, 114.08
1563349221, 0, 518, 3053, 2993, 250, 5.42%, 0, 0, 3, 132.23
1563349375, 0, 518, 3068, 3007, 249, 5.42%, 0, 0, 3, 129.05
1563349380, 0, 520, 3091, 3030, 246, 5.42%, 0, 0, 3, 113.21
1563349478, 0, 522, 3091, 3029, 245, 5.42%, 0, 0, 3, 143.81
1563349534, 0, 535, 3091, 3028, 244, 5.42%, 0, 0, 3, 145.37
1563349627, 0, 538, 3091, 3027, 243, 5.42%, 0, 0, 3, 134.69
1563349730, 0, 556, 3091, 3026, 242, 5.42%, 0, 0, 3, 131.90
1563349837, 0, 556, 3100, 3034, 242, 5.42%, 0, 0, 3, 124.54
1563349842, 0, 556, 3131, 3065, 242, 5.42%, 0, 0, 3, 76.79
1563349848, 0, 559, 3131, 3065, 242, 5.42%, 0, 0, 3, 116.13
1563350213, 0, 575, 3131, 3064, 242, 5.42%, 0, 0, 3, 118.51
1563350284, 0, 579, 3131, 3063, 241, 5.42%, 0, 0, 3, 123.83
1563350304, 0, 580, 3131, 3062, 240, 5.42%, 0, 0, 3, 120.52
1563350468, 0, 587, 3131, 3061, 239, 5.42%, 0, 0, 3, 127.08
1563350666, 0, 587, 3145, 3074, 239, 5.42%, 0, 0, 3, 78.79
1563350671, 0, 588, 3163, 3092, 239, 5.42%, 0, 0, 3, 69.85
1563351035, 0, 605, 3163, 3091, 238, 5.42%, 0, 0, 3, 113.19
1563351045, 0, 614, 3163, 3090, 237, 5.42%, 0, 0, 3, 117.80
1563351254, 0, 645, 3163, 3089, 236, 5.42%, 0, 0, 3, 117.22
1563351356, 0, 666, 3163, 3088, 235, 5.42%, 0, 0, 3, 116.80
1563351611, 0, 666, 3176, 3100, 234, 5.42%, 0, 0, 3, 99.08
1563351616, 0, 671, 3194, 3118, 234, 5.42%, 0, 0, 3, 94.67
1563351748, 0, 672, 3194, 3117, 233, 5.42%, 0, 0, 3, 103.54
1563351885, 0, 680, 3194, 3116, 232, 5.42%, 0, 0, 3, 108.43
1563352053, 0, 686, 3194, 3115, 231, 5.42%, 0, 0, 3, 112.81
1563352144, 0, 717, 3194, 3114, 230, 5.42%, 0, 0, 3, 105.31
1563352312, 0, 717, 3195, 3115, 230, 5.42%, 0, 0, 3, 102.49
1563352332, 0, 717, 3197, 3116, 229, 5.42%, 0, 0, 3, 106.50
1563352338, 0, 720, 3201, 3120, 229, 5.42%, 0, 0, 3, 98.41
1563352526, 0, 733, 3201, 3119, 228, 5.42%, 0, 0, 3, 107.52
1563352801, 0, 734, 3201, 3118, 227, 5.42%, 0, 0, 3, 109.81
1563353101, 0, 737, 3201, 3117, 226, 5.42%, 0, 0, 3, 108.61
1563353243, 0, 743, 3201, 3116, 225, 5.42%, 0, 0, 3, 120.69
1563353570, 0, 743, 3201, 3116, 225, 5.42%, 0, 2, 3, 2.42
1563353590, 0, 743, 3220, 3134, 224, 5.42%, 0, 2, 3, 88.10
1563353595, 0, 743, 3251, 3165, 224, 5.42%, 0, 2, 3, 76.14
1563353600, 0, 781, 3251, 3165, 225, 5.42%, 0, 2, 3, 97.57
1563353856, 0, 783, 3251, 3164, 224, 5.42%, 0, 2, 3, 96.35
1563353963, 0, 784, 3251, 3163, 223, 5.42%, 0, 2, 3, 114.15
1563354070, 0, 787, 3251, 3162, 222, 5.42%, 0, 2, 3, 105.39
1563354360, 0, 788, 3251, 3161, 221, 5.42%, 0, 2, 3, 107.89
1563354518, 0, 789, 3272, 3181, 220, 5.42%, 0, 2, 3, 107.96
1563354804, 0, 806, 3272, 3180, 219, 5.42%, 0, 2, 3, 105.24
1563355136, 0, 807, 3272, 3179, 218, 5.42%, 0, 2, 3, 103.08
1563355217, 0, 834, 3272, 3178, 217, 5.42%, 0, 2, 3, 100.41
1563355422, 0, 857, 3272, 3177, 216, 5.42%, 0, 2, 3, 102.46
1563355432, 0, 857, 3272, 3177, 216, 5.42%, 0, 3, 3, 94.55
1563355443, 0, 857, 3272, 3177, 216, 5.42%, 0, 4, 3, 89.61
1563355648, 0, 857, 3295, 3199, 215, 5.42%, 0, 4, 3, 73.96
1563355653, 0, 866, 3299, 3203, 215, 5.42%, 0, 4, 3, 92.61
1563355755, 0, 866, 3299, 3203, 215, 5.42%, 0, 5, 3, 87.55
1563356030, 0, 873, 3299, 3202, 214, 5.42%, 0, 5, 3, 103.53
1563356101, 0, 878, 3299, 3201, 213, 5.42%, 0, 5, 3, 104.34
1563356214, 0, 887, 3299, 3200, 212, 5.42%, 0, 5, 3, 100.41
1563356711, 0, 894, 3299, 3199, 211, 5.42%, 0, 5, 3, 107.83
1563356904, 0, 904, 3320, 3219, 212, 5.42%, 0, 5, 3, 87.70
1563357339, 0, 915, 3320, 3218, 212, 5.42%, 0, 5, 3, 101.34
1563357527, 0, 919, 3320, 3217, 211, 5.42%, 0, 5, 3, 92.87
1563357655, 0, 920, 3320, 3216, 210, 5.42%, 0, 5, 3, 93.42
1563357799, 0, 931, 3320, 3215, 209, 5.42%, 0, 5, 3, 108.71
1563357977, 0, 940, 3328, 3222, 211, 5.43%, 0, 5, 3, 95.42
1563358181, 0, 955, 3328, 3221, 210, 5.43%, 0, 5, 3, 102.07
1563358369, 0, 958, 3328, 3220, 209, 5.43%, 0, 5, 3, 99.76
1563358685, 0, 962, 3328, 3219, 208, 5.43%, 0, 5, 3, 107.28
1563358762, 0, 970, 3328, 3218, 207, 5.43%, 0, 5, 3, 111.40
1563358955, 0, 970, 3335, 3224, 206, 5.43%, 0, 5, 3, 87.66
1563358960, 0, 972, 3347, 3236, 208, 5.43%, 0, 5, 3, 87.39
1563359241, 0, 975, 3347, 3235, 207, 5.43%, 0, 5, 3, 101.43
1563359404, 0, 997, 3347, 3234, 206, 5.43%, 0, 5, 3, 107.35
1563359521, 0, 1006, 3347, 3233, 205, 5.43%, 0, 5, 3, 99.29
1563359700, 0, 1020, 3347, 3232, 204, 5.43%, 0, 5, 3, 100.22
1563359875, 0, 1020, 3357, 3241, 203, 5.43%, 0, 5, 3, 86.66
1563359880, 0, 1037, 3357, 3241, 203, 5.43%, 0, 5, 3, 94.11
1563360105, 0, 1046, 3357, 3240, 202, 5.43%, 0, 5, 3, 102.95
1563360381, 0, 1052, 3357, 3239, 201, 5.43%, 0, 5, 3, 102.55
1563360524, 0, 1055, 3357, 3238, 200, 5.43%, 0, 5, 3, 98.63
1563360723, 0, 1063, 3357, 3237, 199, 5.43%, 0, 5, 3, 97.27
1563360917, 0, 1081, 3365, 3244, 199, 5.43%, 0, 5, 3, 94.14
1563361029, 0, 1084, 3365, 3243, 198, 5.43%, 0, 5, 3, 110.77
1563361218, 0, 1097, 3365, 3242, 197, 5.43%, 0, 5, 3, 108.27
1563361325, 0, 1115, 3365, 3241, 196, 5.43%, 0, 5, 3, 103.17
1563362316, 0, 1116, 3365, 3240, 196, 5.43%, 0, 5, 3, 90.96
1563362347, 0, 1116, 3366, 3241, 196, 5.43%, 0, 5, 3, 87.87
1563362475, 0, 1116, 3367, 3241, 195, 5.43%, 0, 5, 3, 99.75
1563362480, 0, 1117, 3383, 3257, 195, 5.43%, 0, 5, 3, 95.81
1563363022, 0, 1120, 3383, 3256, 194, 5.43%, 0, 5, 3, 93.62
1563363277, 0, 1122, 3383, 3255, 193, 5.43%, 0, 5, 3, 101.73
1563363767, 0, 1135, 3383, 3254, 192, 5.43%, 0, 5, 3, 104.46
1563363940, 0, 1142, 3383, 3253, 191, 5.43%, 0, 5, 3, 109.41
1563364032, 0, 1175, 3400, 3269, 190, 5.43%, 0, 5, 3, 70.21
1563364215, 0, 1181, 3400, 3268, 189, 5.43%, 0, 5, 3, 102.78
1563364337, 0, 1186, 3400, 3267, 187, 5.43%, 0, 5, 3, 113.84
1563365111, 0, 1193, 3400, 3266, 187, 5.43%, 0, 5, 3, 105.14
1563365264, 0, 1203, 3400, 3265, 186, 5.43%, 0, 5, 3, 114.43
1563365376, 0, 1220, 3421, 3285, 186, 5.48%, 0, 5, 3, 87.59
1563365610, 0, 1222, 3421, 3284, 185, 5.48%, 0, 5, 3, 111.81
1563365691, 0, 1228, 3421, 3283, 184, 5.48%, 0, 5, 3, 118.48
1563365824, 0, 1243, 3421, 3282, 183, 5.48%, 0, 5, 3, 113.93
1563366321, 0, 1247, 3421, 3281, 182, 5.48%, 0, 5, 3, 108.89
1563366397, 0, 1247, 3435, 3294, 181, 5.48%, 0, 5, 3, 107.04
1563366402, 0, 1250, 3450, 3309, 184, 5.48%, 0, 5, 3, 97.36
1563366570, 0, 1257, 3450, 3308, 183, 5.48%, 0, 5, 3, 120.19
1563366743, 0, 1259, 3450, 3307, 182, 5.48%, 0, 5, 3, 118.15
1563366978, 0, 1261, 3450, 3306, 181, 5.48%, 0, 5, 3, 111.10
1563367115, 0, 1267, 3450, 3305, 180, 5.48%, 0, 5, 3, 118.10
1563367227, 0, 1274, 3464, 3318, 177, 5.48%, 0, 5, 3, 105.29
1563367340, 0, 1280, 3464, 3317, 176, 5.48%, 0, 5, 3, 117.10
1563367396, 0, 1316, 3464, 3316, 175, 5.48%, 0, 5, 3, 111.09
1563367538, 0, 1317, 3464, 3315, 173, 5.48%, 0, 5, 3, 112.07
1563367650, 0, 1320, 3464, 3314, 172, 5.48%, 0, 5, 3, 109.37
1563367803, 0, 1326, 3477, 3326, 171, 5.48%, 0, 5, 3, 100.48
1563367976, 0, 1338, 3477, 3325, 170, 5.48%, 0, 5, 3, 112.92
1563368119, 0, 1344, 3477, 3324, 169, 5.48%, 0, 5, 3, 110.98
1563368236, 0, 1352, 3477, 3323, 168, 5.48%, 0, 5, 3, 113.96
1563368509, 0, 1353, 3477, 3322, 167, 5.48%, 0, 5, 3, 116.24
1563368657, 0, 1354, 3493, 3337, 166, 5.48%, 0, 5, 3, 89.04
1563368865, 0, 1359, 3493, 3336, 164, 5.48%, 0, 5, 3, 112.57
1563369043, 0, 1362, 3493, 3335, 163, 5.48%, 0, 5, 3, 113.46
1563369099, 0, 1364, 3493, 3334, 162, 5.48%, 0, 5, 3, 110.42
1563369241, 0, 1370, 3493, 3333, 161, 5.48%, 0, 5, 3, 113.01
1563369404, 0, 1370, 3496, 3335, 160, 5.48%, 0, 5, 3, 107.24
1563369409, 0, 1382, 3502, 3341, 160, 5.48%, 0, 5, 3, 99.23
1563369583, 0, 1395, 3502, 3340, 159, 5.48%, 0, 5, 3, 100.60
1563369737, 0, 1411, 3502, 3339, 158, 5.48%, 0, 5, 3, 117.10
1563369967, 0, 1432, 3502, 3338, 157, 5.48%, 0, 5, 3, 101.57
1563370146, 0, 1436, 3502, 3337, 156, 5.48%, 0, 5, 3, 109.13
1563370354, 0, 1456, 3506, 3340, 155, 5.48%, 0, 5, 3, 100.54
1563370792, 0, 1461, 3506, 3339, 154, 5.48%, 0, 5, 3, 112.69
1563370853, 0, 1464, 3506, 3338, 153, 5.48%, 0, 5, 3, 110.56
1563370980, 0, 1468, 3506, 3337, 152, 5.48%, 0, 5, 3, 110.40
1563371076, 0, 1470, 3506, 3336, 151, 5.48%, 0, 5, 3, 122.70
1563371157, 0, 1486, 3521, 3350, 151, 5.48%, 0, 5, 3, 87.73
1563371248, 0, 1488, 3521, 3349, 150, 5.48%, 0, 5, 3, 112.05
1563371349, 0, 1496, 3521, 3348, 149, 5.48%, 0, 5, 3, 117.17
1563371446, 0, 1502, 3521, 3347, 148, 5.48%, 0, 5, 3, 113.33
1563371762, 0, 1509, 3521, 3346, 148, 5.48%, 0, 5, 3, 109.79
1563372638, 0, 1510, 3524, 3348, 148, 5.48%, 0, 5, 3, 100.40
1563372791, 0, 1520, 3524, 3347, 147, 5.48%, 0, 5, 3, 107.93
1563372949, 0, 1528, 3524, 3346, 146, 5.48%, 0, 5, 3, 111.90
1563373070, 0, 1529, 3524, 3345, 145, 5.48%, 0, 5, 3, 120.28
1563373178, 0, 1535, 3524, 3344, 144, 5.48%, 0, 5, 3, 103.34
1563373393, 0, 1542, 3530, 3349, 143, 5.48%, 0, 5, 3, 102.64
1563373504, 0, 1573, 3530, 3348, 142, 5.48%, 0, 5, 3, 105.71
1563373663, 0, 1582, 3530, 3347, 141, 5.48%, 0, 5, 3, 113.50
1563373841, 0, 1583, 3530, 3346, 140, 5.48%, 0, 5, 3, 116.08
1563373952, 0, 1587, 3530, 3345, 139, 5.48%, 0, 5, 3, 103.00
1563374060, 0, 1589, 3535, 3349, 138, 5.48%, 0, 5, 3, 102.57
1563374263, 0, 1600, 3535, 3348, 137, 5.48%, 0, 5, 3, 103.73
1563374519, 0, 1620, 3535, 3347, 136, 5.48%, 0, 5, 3, 104.80
1563374646, 0, 1620, 3536, 3348, 136, 5.48%, 0, 5, 3, 119.43
1563374656, 0, 1648, 3536, 3347, 135, 5.48%, 0, 5, 3, 120.16
1563374804, 0, 1651, 3536, 3346, 134, 5.48%, 0, 5, 3, 107.71
1563374967, 0, 1652, 3541, 3350, 133, 5.48%, 0, 5, 3, 114.79
1563375054, 0, 1659, 3541, 3349, 132, 5.48%, 0, 5, 3, 106.36
1563375258, 0, 1677, 3541, 3348, 131, 5.48%, 0, 5, 3, 107.87
1563375401, 0, 1691, 3541, 3347, 130, 5.48%, 0, 5, 3, 116.54
1563375600, 0, 1719, 3541, 3346, 129, 5.48%, 0, 5, 3, 123.82
1563375773, 0, 1722, 3543, 3347, 128, 5.48%, 0, 5, 3, 113.50
1563375905, 0, 1736, 3543, 3346, 127, 5.48%, 0, 5, 3, 106.25
1563376033, 0, 1737, 3543, 3345, 126, 5.48%, 0, 5, 3, 103.69
1563376253, 0, 1740, 3543, 3344, 125, 5.48%, 0, 5, 3, 110.38
1563376370, 0, 1743, 3543, 3343, 124, 5.48%, 0, 5, 3, 111.76
1563376497, 0, 1744, 3544, 3343, 123, 5.48%, 0, 5, 3, 106.98
1563376756, 0, 1763, 3544, 3342, 123, 5.48%, 0, 5, 3, 110.45
1563376862, 0, 1769, 3544, 3341, 122, 5.48%, 0, 5, 3, 106.19
1563377000, 0, 1774, 3544, 3340, 121, 5.48%, 0, 5, 3, 105.11
1563377086, 0, 1788, 3544, 3339, 120, 5.48%, 0, 5, 3, 123.88
1563379210, 0, 1788, 3568, 3362, 120, 5.48%, 0, 5, 3, 80.59
1563379215, 0, 1791, 3569, 3363, 120, 5.48%, 0, 5, 3, 104.80
1563379317, 0, 1809, 3569, 3362, 119, 5.48%, 0, 5, 3, 113.19
1563379490, 0, 1811, 3569, 3361, 118, 5.48%, 0, 5, 3, 110.43
1563379673, 0, 1820, 3569, 3360, 117, 5.48%, 0, 5, 3, 109.65
1563379678, 0, 1820, 3570, 3361, 117, 5.48%, 0, 5, 3, 104.56
1563379896, 0, 1833, 3570, 3360, 117, 5.48%, 0, 5, 3, 114.01
1563380039, 0, 1837, 3581, 3370, 117, 5.48%, 0, 5, 3, 94.89
1563380191, 0, 1843, 3581, 3369, 116, 5.48%, 0, 5, 3, 108.35
1563380349, 0, 1845, 3581, 3368, 115, 5.48%, 0, 5, 3, 106.87
1563380587, 0, 1850, 3581, 3367, 114, 5.48%, 0, 5, 3, 110.30
1563380668, 0, 1862, 3581, 3366, 113, 5.48%, 0, 5, 3, 114.09
1563380835, 0, 1864, 3584, 3368, 112, 5.48%, 0, 5, 3, 107.92
1563380958, 0, 1872, 3584, 3367, 111, 5.48%, 0, 5, 3, 103.32
1563381147, 0, 1874, 3584, 3366, 110, 5.48%, 0, 5, 3, 104.22
1563381583, 0, 1891, 3584, 3365, 110, 5.48%, 0, 5, 3, 105.20
1563382100, 0, 1894, 3584, 3364, 109, 5.48%, 0, 5, 3, 106.13
1563382247, 0, 1900, 3589, 3368, 109, 5.48%, 0, 5, 3, 100.09
1563382488, 0, 1928, 3589, 3367, 108, 5.48%, 0, 5, 3, 111.07
1563382498, 0, 1928, 3590, 3368, 108, 5.48%, 0, 5, 3, 105.48
1563382721, 0, 1943, 3590, 3367, 108, 5.48%, 0, 5, 3, 107.12
1563382925, 0, 1948, 3590, 3366, 107, 5.48%, 0, 5, 3, 94.70
1563383155, 0, 1950, 3590, 3365, 106, 5.48%, 0, 5, 3, 107.22
1563383354, 0, 1964, 3598, 3372, 106, 5.48%, 0, 5, 3, 86.31
1563383569, 0, 1976, 3598, 3371, 105, 5.48%, 0, 5, 3, 103.20
1563383605, 0, 1976, 3599, 3372, 105, 5.48%, 0, 5, 3, 86.71
1563384099, 0, 1982, 3599, 3371, 104, 5.48%, 0, 5, 3, 102.82
1563384302, 0, 1999, 3599, 3370, 103, 5.48%, 0, 5, 3, 104.94
1563384466, 0, 2003, 3599, 3369, 102, 5.48%, 0, 5, 3, 101.21
1563384609, 0, 2004, 3612, 3381, 101, 5.48%, 0, 5, 3, 95.11
1563384767, 0, 2010, 3612, 3380, 100, 5.48%, 0, 5, 3, 99.04
1563385013, 0, 2013, 3612, 3379, 99, 5.48%, 0, 5, 3, 94.74
1563385250, 0, 2016, 3612, 3378, 98, 5.48%, 0, 5, 3, 104.13
1563385382, 0, 2021, 3612, 3377, 97, 5.48%, 0, 5, 3, 107.42
1563385630, 0, 2027, 3614, 3378, 96, 5.48%, 0, 5, 3, 97.58
1563385846, 0, 2056, 3614, 3377, 95, 5.48%, 0, 5, 3, 105.04
1563385989, 0, 2063, 3614, 3376, 94, 5.48%, 0, 5, 3, 104.02
1563386208, 0, 2067, 3614, 3375, 93, 5.48%, 0, 5, 3, 109.06
1563386407, 0, 2068, 3614, 3374, 92, 5.48%, 0, 5, 3, 107.41
1563386499, 0, 2077, 3615, 3374, 91, 5.48%, 0, 5, 3, 101.20
1563386785, 0, 2080, 3615, 3373, 90, 5.48%, 0, 5, 3, 96.28
1563387037, 0, 2094, 3615, 3372, 89, 5.48%, 0, 5, 3, 106.11
1563387483, 0, 2101, 3615, 3371, 88, 5.48%, 0, 5, 3, 103.62
1563387724, 0, 2103, 3615, 3370, 87, 5.48%, 0, 5, 3, 101.62
1563387923, 0, 2110, 3624, 3378, 86, 5.48%, 0, 5, 3, 98.84
1563388436, 0, 2111, 3624, 3377, 85, 5.48%, 0, 5, 3, 100.64
1563388768, 0, 2115, 3624, 3376, 84, 5.48%, 0, 5, 3, 99.51
1563389008, 0, 2118, 3624, 3375, 83, 5.48%, 0, 5, 3, 109.82
1563389232, 0, 2119, 3624, 3374, 82, 5.48%, 0, 5, 3, 101.06
1563389574, 0, 2119, 3633, 3382, 81, 5.48%, 0, 5, 3, 99.20
1563389580, 0, 2121, 3638, 3387, 81, 5.48%, 0, 5, 3, 96.63
1563389831, 0, 2123, 3638, 3386, 80, 5.48%, 0, 5, 3, 103.14
1563390052, 0, 2124, 3638, 3385, 79, 5.48%, 0, 5, 3, 106.00
1563390221, 0, 2133, 3639, 3385, 78, 5.48%, 0, 5, 3, 104.02
1563390441, 0, 2141, 3639, 3384, 78, 5.48%, 0, 5, 3, 109.20
1563390522, 0, 2145, 3643, 3387, 77, 5.48%, 0, 5, 3, 100.19
1563390959, 0, 2151, 3643, 3386, 76, 5.48%, 0, 5, 3, 108.41
1563391178, 0, 2156, 3643, 3385, 75, 5.48%, 0, 5, 3, 106.70
1563391336, 0, 2156, 3644, 3386, 75, 5.48%, 0, 5, 3, 99.61
1563391356, 0, 2178, 3644, 3385, 74, 5.48%, 0, 5, 3, 107.14
1563391590, 0, 2183, 3644, 3384, 73, 5.48%, 0, 5, 3, 105.40
1563391753, 0, 2183, 3654, 3393, 72, 5.48%, 0, 5, 3, 90.15
1563391758, 0, 2197, 3658, 3397, 72, 5.48%, 0, 5, 3, 92.21
1563391977, 0, 2216, 3658, 3396, 71, 5.48%, 0, 5, 3, 107.45
1563392244, 0, 2235, 3658, 3395, 70, 5.48%, 0, 5, 3, 105.53
1563392341, 0, 2244, 3658, 3394, 69, 5.48%, 0, 5, 3, 111.81
1563392351, 0, 2270, 3658, 3393, 68, 5.48%, 0, 5, 3, 105.84
1563392514, 0, 2281, 3659, 3393, 67, 5.48%, 0, 5, 3, 97.46
1563392740, 0, 2295, 3659, 3392, 66, 5.48%, 0, 5, 3, 106.33
1563393036, 0, 2299, 3659, 3391, 65, 5.48%, 0, 5, 3, 100.01
1563393199, 0, 2306, 3659, 3390, 64, 5.48%, 0, 5, 3, 88.66
1563393538, 0, 2329, 3659, 3389, 64, 5.48%, 0, 5, 3, 104.13
1563393706, 0, 2344, 3666, 3395, 64, 5.48%, 0, 5, 3, 101.81
1563393895, 0, 2364, 3666, 3394, 63, 5.48%, 0, 5, 3, 96.46
1563395455, 0, 2421, 3666, 3393, 63, 5.48%, 0, 5, 3, 88.86
1563395624, 0, 2435, 3666, 3392, 62, 5.48%, 0, 5, 3, 97.02
1563396051, 0, 2450, 3666, 3391, 62, 5.48%, 0, 5, 3, 98.42
1563396230, 0, 2475, 3680, 3404, 61, 5.48%, 0, 5, 3, 83.60
1563396446, 0, 2480, 3680, 3403, 60, 5.48%, 0, 5, 3, 101.24
1563396604, 0, 2481, 3680, 3402, 59, 5.48%, 0, 5, 3, 104.89
1563396830, 0, 2516, 3680, 3401, 59, 5.48%, 0, 5, 3, 98.03
1563397081, 0, 2536, 3680, 3400, 58, 5.48%, 0, 5, 3, 100.38
1563397312, 0, 2546, 3683, 3402, 57, 5.48%, 0, 5, 3, 94.81
1563397559, 0, 2552, 3683, 3401, 56, 5.48%, 0, 5, 3, 98.23
1563397646, 0, 2552, 3684, 3402, 56, 5.48%, 0, 5, 3, 95.78
1563397764, 0, 2553, 3684, 3401, 55, 5.48%, 0, 5, 3, 102.77
1563397995, 0, 2563, 3684, 3400, 54, 5.48%, 0, 5, 3, 96.07
1563398309, 0, 2590, 3684, 3399, 53, 5.48%, 0, 5, 3, 87.47
