# unix_time, cycles_done, cur_path, paths_total, pending_total, pending_favs, map_size, unique_crashes, unique_hangs, max_depth, execs_per_sec
1563183103, 0, 0, 2, 2, 1, 1.91%, 0, 0, 1, 421.05
1563183109, 1, 0, 3, 3, 1, 1.91%, 0, 0, 1, 0.50
1563183115, 1, 3, 18, 18, 11, 1.95%, 0, 0, 1, 5.52
1563183122, 1, 6, 23, 23, 13, 1.97%, 0, 0, 1, 0.50
1563183128, 1, 9, 31, 31, 16, 1.98%, 0, 0, 1, 6.49
1563183134, 1, 12, 35, 35, 17, 1.99%, 0, 0, 1, 6.47
1563183140, 1, 15, 43, 43, 19, 2.01%, 0, 0, 1, 3.93
1563183146, 1, 18, 44, 44, 19, 2.02%, 0, 0, 1, 3.77
1563183153, 1, 21, 46, 46, 20, 2.02%, 0, 0, 1, 3.76
1563183159, 1, 24, 50, 50, 22, 2.03%, 0, 0, 1, 4.02
1563183165, 1, 27, 50, 50, 22, 2.03%, 0, 0, 1, 0.33
1563183171, 1, 30, 50, 50, 22, 2.03%, 0, 0, 1, 0.38
1563183183, 1, 36, 52, 52, 23, 2.03%, 0, 0, 1, 0.47
1563183189, 1, 39, 53, 53, 23, 2.04%, 0, 0, 1, 0.54
1563183213, 1, 51, 54, 54, 23, 2.04%, 0, 0, 1, 0.53
1563183219, 2, 0, 54, 54, 24, 2.04%, 0, 0, 1, 0.63
1563183225, 2, 3, 54, 54, 24, 2.04%, 0, 0, 1, 0.60
1563183231, 2, 6, 54, 54, 24, 2.04%, 0, 0, 1, 5.22
1563183243, 2, 12, 55, 55, 24, 2.06%, 0, 0, 1, 0.17
1563183273, 2, 27, 57, 57, 25, 2.08%, 0, 0, 1, 0.20
1563183280, 2, 30, 64, 64, 29, 2.09%, 0, 0, 1, 3.45
1563183286, 2, 33, 69, 69, 30, 2.10%, 0, 0, 1, 3.70
1563183292, 2, 36, 69, 69, 30, 2.10%, 0, 0, 1, 3.68
1563183298, 2, 39, 70, 70, 30, 2.10%, 0, 0, 1, 0.17
1563183304, 2, 42, 72, 72, 30, 2.10%, 0, 0, 1, 4.09
1563183310, 2, 45, 74, 74, 31, 2.10%, 0, 0, 1, 4.02
1563183328, 2, 54, 74, 74, 31, 2.10%, 0, 0, 1, 0.61
1563183335, 2, 57, 74, 74, 31, 2.10%, 0, 0, 1, 7.10
1563183341, 2, 60, 75, 75, 31, 2.10%, 0, 0, 1, 6.78
1563183353, 2, 66, 75, 75, 31, 2.10%, 0, 0, 1, 0.75
1563183359, 2, 69, 75, 75, 31, 2.10%, 0, 0, 1, 0.76
1563183369, 3, 0, 75, 75, 31, 2.10%, 0, 0, 1, 0.00
1563183377, 3, 3, 78, 78, 33, 2.11%, 0, 0, 1, 2.96
1563183401, 3, 15, 80, 80, 33, 2.11%, 0, 0, 1, 2.85
1563183407, 3, 18, 81, 81, 33, 2.11%, 0, 0, 1, 2.72
1563183413, 3, 21, 81, 81, 33, 2.11%, 0, 0, 1, 2.64
1563183461, 3, 45, 81, 81, 33, 2.11%, 0, 0, 1, 0.12
1563183521, 3, 75, 81, 81, 33, 2.11%, 0, 0, 1, 0.02
1563183531, 4, 0, 81, 81, 33, 2.11%, 0, 0, 1, 0.60
1563183600, 4, 33, 82, 82, 33, 2.11%, 0, 0, 1, 0.01
1563183606, 4, 36, 82, 82, 33, 2.11%, 0, 0, 1, 1.49
1563183618, 4, 42, 82, 82, 33, 2.11%, 0, 0, 1, 0.08
1563183696, 4, 81, 83, 83, 33, 2.11%, 0, 0, 1, 0.01
1563183702, 5, 0, 85, 85, 35, 2.11%, 0, 0, 1, 0.50
1563183714, 5, 6, 86, 86, 35, 2.11%, 0, 0, 1, 0.56
1563183720, 5, 9, 86, 86, 35, 2.11%, 0, 0, 1, 0.58
1563183732, 5, 15, 87, 87, 35, 2.11%, 0, 0, 1, 0.56
1563183744, 5, 21, 87, 87, 35, 2.11%, 0, 0, 1, 0.57
1563183774, 5, 36, 88, 88, 35, 2.11%, 0, 0, 1, 0.55
1563183780, 5, 39, 88, 88, 35, 2.11%, 0, 0, 1, 0.61
1563183810, 5, 54, 88, 88, 35, 2.11%, 0, 0, 1, 0.03
1563183816, 5, 57, 89, 89, 35, 2.11%, 0, 0, 1, 0.04
1563183822, 5, 60, 90, 90, 35, 2.11%, 0, 0, 1, 1.49
1563183841, 5, 69, 91, 91, 35, 2.11%, 0, 0, 1, 1.46
1563183865, 5, 81, 91, 91, 35, 2.11%, 0, 0, 1, 0.12
1563183883, 6, 0, 91, 91, 35, 2.11%, 0, 0, 1, 0.12
1563183913, 6, 14, 91, 91, 35, 2.11%, 0, 0, 1, 0.12
1563183919, 6, 17, 92, 92, 35, 2.15%, 0, 0, 1, 0.83
1563183937, 6, 26, 92, 92, 36, 2.15%, 0, 0, 1, 0.81
1563183943, 6, 29, 95, 95, 36, 2.15%, 0, 0, 1, 0.96
1563183950, 6, 32, 98, 98, 37, 2.15%, 0, 0, 1, 0.17
1563183968, 6, 41, 99, 99, 37, 2.15%, 0, 0, 1, 0.19
1563184034, 6, 74, 99, 99, 37, 2.15%, 0, 0, 1, 0.18
1563184082, 7, 0, 99, 99, 37, 2.15%, 0, 0, 1, 0.18
1563184100, 7, 8, 99, 99, 37, 2.15%, 0, 0, 1, 0.17
1563184106, 7, 11, 99, 99, 37, 2.15%, 0, 0, 1, 0.19
1563184137, 7, 26, 100, 100, 38, 2.15%, 0, 0, 1, 0.07
1563184149, 7, 32, 100, 100, 38, 2.15%, 0, 0, 1, 0.07
1563184155, 7, 35, 100, 100, 38, 2.15%, 0, 0, 1, 0.07
1563184215, 7, 65, 101, 101, 38, 2.15%, 0, 0, 1, 0.07
1563184233, 7, 74, 101, 101, 38, 2.15%, 0, 0, 1, 0.50
1563184239, 7, 77, 101, 101, 38, 2.15%, 0, 0, 1, 0.48
1563184275, 7, 95, 102, 102, 38, 2.15%, 0, 0, 1, 0.46
1563184281, 7, 98, 103, 103, 38, 2.15%, 0, 0, 1, 0.52
1563184288, 7, 101, 104, 104, 38, 2.15%, 0, 0, 1, 0.58
1563184324, 8, 15, 104, 104, 38, 2.15%, 0, 0, 1, 0.03
1563184330, 8, 18, 104, 104, 38, 2.15%, 0, 0, 1, 0.50
1563184354, 8, 30, 105, 105, 38, 2.15%, 0, 0, 1, 0.48
1563184402, 8, 54, 105, 105, 38, 2.15%, 0, 0, 1, 0.46
1563184498, 8, 102, 106, 106, 38, 2.15%, 0, 0, 1, 0.01
1563184504, 9, 0, 106, 106, 38, 2.15%, 0, 0, 1, 1.32
1563184516, 9, 5, 107, 107, 38, 2.15%, 0, 0, 1, 0.08
1563184541, 9, 17, 108, 108, 38, 2.15%, 0, 0, 1, 0.46
1563184547, 9, 20, 108, 108, 38, 2.15%, 0, 0, 1, 0.54
1563184571, 9, 32, 109, 109, 38, 2.15%, 0, 0, 1, 0.53
1563184577, 9, 35, 109, 109, 38, 2.15%, 0, 0, 1, 0.59
1563184601, 9, 47, 109, 109, 38, 2.15%, 0, 0, 1, 0.56
1563184667, 9, 80, 110, 110, 38, 2.15%, 0, 0, 1, 0.03
1563184679, 9, 86, 111, 111, 38, 2.15%, 0, 0, 1, 0.75
1563184703, 9, 98, 111, 111, 39, 2.15%, 0, 0, 1, 0.72
1563184727, 10, 0, 111, 111, 39, 2.15%, 0, 0, 1, 0.04
1563184733, 10, 2, 111, 111, 39, 2.15%, 0, 0, 1, 0.05
1563184769, 10, 20, 111, 111, 39, 2.15%, 0, 0, 1, 0.05
1563184799, 10, 35, 112, 112, 39, 2.15%, 0, 0, 1, 0.05
1563184817, 10, 44, 113, 113, 39, 2.15%, 0, 0, 1, 0.50
1563184824, 10, 47, 115, 115, 39, 2.15%, 0, 0, 1, 2.95
1563184830, 10, 50, 115, 115, 39, 2.15%, 0, 0, 1, 2.86
1563184860, 10, 65, 115, 115, 39, 2.15%, 0, 0, 1, 0.13
1563184866, 10, 68, 115, 115, 39, 2.15%, 0, 0, 1, 0.14
1563184958, 11, 0, 115, 115, 39, 2.15%, 0, 0, 1, 0.02
1563185188, 12, 0, 115, 115, 39, 2.15%, 0, 0, 1, 0.00
1563185257, 12, 33, 115, 115, 39, 2.15%, 0, 0, 1, 0.01
1563185419, 13, 0, 115, 115, 39, 2.15%, 0, 0, 1, 0.00
1563185611, 13, 95, 116, 116, 39, 2.15%, 0, 0, 1, 0.01
1563185641, 13, 110, 116, 116, 39, 2.15%, 0, 0, 1, 0.30
1563185651, 14, 0, 116, 116, 39, 2.15%, 0, 0, 1, 0.00
1563185659, 14, 3, 116, 116, 39, 2.15%, 0, 0, 1, 0.12
1563185756, 14, 51, 117, 117, 39, 2.15%, 0, 0, 1, 0.01
1563185762, 14, 54, 118, 118, 40, 2.16%, 0, 0, 1, 1.49
1563185780, 14, 63, 118, 118, 41, 2.16%, 0, 0, 1, 1.42
1563185798, 14, 72, 119, 119, 41, 2.16%, 0, 0, 1, 0.22
1563185828, 14, 87, 120, 120, 41, 2.16%, 0, 0, 1, 0.23
1563185840, 14, 93, 120, 120, 41, 2.16%, 0, 0, 1, 0.26
1563185892, 15, 0, 120, 120, 41, 2.16%, 0, 0, 1, 0.25
1563185918, 15, 12, 121, 121, 41, 2.16%, 0, 0, 1, 0.04
1563185930, 15, 18, 122, 122, 42, 2.16%, 0, 0, 1, 0.75
1563185960, 15, 33, 122, 122, 42, 2.16%, 0, 0, 1, 0.72
1563185972, 15, 39, 122, 122, 42, 2.16%, 0, 0, 1, 0.08
1563185990, 15, 48, 122, 122, 42, 2.16%, 0, 0, 1, 0.08
1563186137, 16, 0, 122, 122, 42, 2.16%, 0, 0, 1, 0.01
1563186267, 16, 64, 122, 122, 42, 2.16%, 0, 0, 1, 0.01
1563186291, 16, 76, 122, 122, 42, 2.16%, 0, 0, 1, 0.08
1563186381, 17, 0, 122, 122, 42, 2.16%, 0, 0, 1, 0.08
1563186453, 17, 35, 123, 123, 42, 2.16%, 0, 0, 1, 0.01
1563186466, 17, 41, 123, 123, 43, 2.16%, 0, 0, 1, 0.75
1563186472, 17, 44, 123, 123, 43, 2.16%, 0, 0, 1, 0.72
1563186484, 17, 50, 124, 124, 43, 2.16%, 0, 0, 1, 0.08
1563186496, 17, 56, 125, 125, 44, 2.16%, 0, 0, 1, 0.75
1563186502, 17, 59, 125, 125, 44, 2.16%, 0, 0, 1, 0.79
1563186508, 17, 62, 126, 126, 44, 2.17%, 0, 0, 1, 0.76
1563186520, 17, 68, 127, 127, 44, 2.17%, 0, 0, 1, 0.76
1563186526, 17, 71, 127, 127, 44, 2.17%, 0, 0, 1, 0.81
1563186532, 17, 74, 127, 127, 44, 2.17%, 0, 0, 1, 0.80
1563186538, 17, 77, 128, 128, 44, 2.19%, 0, 0, 1, 0.78
1563186544, 17, 80, 129, 129, 45, 2.20%, 0, 0, 1, 0.92
1563186550, 17, 83, 131, 131, 46, 2.20%, 0, 0, 1, 1.05
1563186586, 17, 101, 131, 131, 46, 2.20%, 0, 0, 1, 0.06
1563186604, 17, 110, 131, 131, 46, 2.20%, 0, 0, 1, 0.33
1563186644, 18, 0, 131, 131, 46, 2.20%, 0, 0, 1, 0.32
1563186652, 18, 3, 132, 132, 46, 2.20%, 0, 0, 1, 0.30
1563186670, 18, 12, 132, 132, 46, 2.20%, 0, 0, 1, 0.32
1563186676, 18, 15, 132, 132, 46, 2.20%, 0, 0, 1, 0.31
1563186712, 18, 33, 132, 132, 46, 2.20%, 0, 0, 1, 0.03
1563186821, 18, 87, 133, 133, 46, 2.22%, 0, 0, 1, 0.03
1563186845, 18, 99, 134, 134, 46, 2.22%, 0, 0, 1, 0.37
1563186851, 18, 102, 141, 141, 46, 2.24%, 0, 0, 1, 3.28
1563186857, 18, 105, 146, 146, 46, 2.24%, 0, 0, 1, 0.33
1563186875, 18, 114, 146, 146, 46, 2.24%, 0, 0, 1, 0.34
1563186881, 18, 117, 147, 147, 46, 2.24%, 0, 0, 1, 0.41
1563186888, 18, 120, 148, 148, 46, 2.24%, 0, 0, 1, 0.48
1563186894, 18, 123, 149, 149, 47, 2.24%, 0, 0, 1, 0.54
1563186900, 18, 126, 150, 150, 47, 2.24%, 0, 0, 1, 0.60
1563186906, 18, 129, 150, 150, 47, 2.24%, 0, 0, 1, 0.66
1563186912, 18, 132, 150, 150, 47, 2.24%, 0, 0, 1, 0.67
1563186918, 18, 135, 150, 150, 47, 2.24%, 0, 0, 1, 0.64
1563186936, 18, 144, 150, 150, 47, 2.24%, 0, 0, 1, 0.06
1563186946, 19, 0, 150, 150, 47, 2.24%, 0, 0, 1, 0.06
1563186954, 19, 3, 150, 150, 47, 2.24%, 0, 0, 1, 0.06
1563186960, 19, 6, 150, 150, 47, 2.24%, 0, 0, 1, 0.66
1563186966, 19, 9, 150, 150, 47, 2.24%, 0, 0, 1, 0.63
1563187050, 19, 51, 151, 151, 47, 2.24%, 0, 0, 1, 0.05
1563187062, 19, 57, 151, 151, 48, 2.24%, 0, 0, 1, 0.75
1563187074, 19, 63, 152, 152, 48, 2.26%, 0, 0, 1, 0.08
1563187092, 19, 72, 152, 152, 48, 2.26%, 0, 0, 1, 0.50
1563187122, 19, 87, 153, 153, 48, 2.26%, 0, 0, 1, 0.07
1563187128, 19, 90, 153, 153, 48, 2.26%, 0, 0, 1, 1.49
1563187170, 19, 111, 154, 154, 48, 2.26%, 0, 0, 1, 0.05
1563187182, 19, 117, 155, 155, 48, 2.26%, 0, 0, 1, 0.75
1563187195, 19, 123, 155, 155, 48, 2.26%, 0, 0, 1, 0.75
1563187201, 19, 126, 155, 155, 48, 2.26%, 0, 0, 1, 0.72
1563187257, 20, 0, 155, 155, 48, 2.26%, 0, 0, 1, 0.04
1563187423, 20, 82, 156, 156, 48, 2.26%, 0, 0, 1, 0.01
1563187429, 20, 85, 157, 157, 48, 2.26%, 0, 0, 1, 1.65
1563187435, 20, 88, 158, 158, 48, 2.26%, 0, 0, 1, 1.65
1563187471, 20, 106, 159, 159, 48, 2.26%, 0, 0, 1, 0.25
1563187483, 20, 112, 159, 159, 49, 2.26%, 0, 0, 1, 0.28
1563187489, 20, 115, 159, 159, 49, 2.26%, 0, 0, 1, 0.27
1563187496, 20, 118, 164, 164, 49, 2.28%, 0, 0, 1, 6.97
1563187502, 20, 121, 169, 169, 50, 2.28%, 0, 0, 1, 7.00
1563187508, 20, 124, 174, 174, 51, 2.28%, 0, 0, 1, 7.02
1563187514, 20, 127, 176, 176, 51, 2.29%, 0, 0, 1, 6.92
1563187520, 20, 130, 179, 179, 52, 2.29%, 0, 0, 1, 6.82
1563187526, 20, 133, 180, 180, 52, 2.29%, 0, 0, 1, 0.50
1563187532, 20, 136, 180, 180, 52, 2.29%, 0, 0, 1, 0.56
1563187538, 20, 139, 181, 181, 52, 2.29%, 0, 0, 1, 0.55
1563187550, 20, 145, 181, 181, 52, 2.29%, 0, 0, 1, 0.56
1563187556, 20, 148, 181, 181, 52, 2.29%, 0, 0, 1, 0.53
1563187562, 20, 151, 181, 181, 52, 2.29%, 0, 0, 1, 0.54
1563187605, 20, 172, 182, 182, 52, 2.29%, 0, 0, 1, 0.53
1563187623, 21, 0, 182, 182, 52, 2.29%, 0, 0, 1, 0.53
1563187629, 21, 2, 182, 182, 52, 2.29%, 0, 0, 1, 0.50
1563187641, 21, 8, 182, 182, 52, 2.29%, 0, 0, 1, 0.08
1563187987, 22, 0, 182, 182, 52, 2.29%, 0, 0, 1, 0.00
1563188146, 22, 78, 183, 183, 52, 2.29%, 0, 0, 1, 0.01
1563188164, 22, 87, 183, 183, 53, 2.29%, 0, 0, 1, 0.50
1563188176, 22, 93, 184, 184, 53, 2.29%, 0, 0, 1, 0.08
1563188182, 22, 96, 185, 185, 53, 2.29%, 0, 0, 1, 1.49
1563188200, 22, 105, 185, 185, 53, 2.29%, 0, 0, 1, 1.43
1563188230, 22, 120, 185, 185, 53, 2.29%, 0, 0, 1, 0.10
1563188236, 22, 123, 186, 186, 53, 2.29%, 0, 0, 1, 0.11
1563188278, 22, 144, 186, 186, 53, 2.29%, 0, 0, 1, 0.12
1563188284, 22, 147, 187, 187, 53, 2.29%, 0, 0, 1, 0.12
1563188296, 22, 153, 187, 187, 52, 2.29%, 0, 0, 1, 0.75
1563188338, 22, 174, 187, 187, 52, 2.29%, 0, 0, 1, 0.05
1563188362, 23, 0, 187, 187, 52, 2.29%, 0, 0, 1, 0.00
1563188737, 24, 0, 187, 187, 52, 2.29%, 0, 0, 1, 0.00
1563189060, 24, 160, 187, 187, 52, 2.29%, 0, 0, 1, 0.00
1563189112, 25, 0, 187, 187, 52, 2.29%, 0, 0, 1, 0.73
1563189331, 25, 108, 188, 188, 52, 2.31%, 0, 0, 1, 0.00
1563189337, 25, 111, 189, 189, 53, 2.31%, 0, 0, 1, 1.49
1563189343, 25, 114, 190, 190, 54, 2.32%, 0, 0, 1, 1.49
1563189349, 25, 117, 190, 190, 55, 2.32%, 0, 0, 1, 1.49
1563189355, 25, 120, 191, 191, 55, 2.32%, 0, 0, 1, 1.43
1563189361, 25, 123, 194, 194, 58, 2.35%, 0, 0, 1, 1.73
1563189367, 25, 126, 195, 195, 58, 2.36%, 0, 0, 1, 0.17
1563189373, 25, 129, 196, 196, 58, 2.36%, 0, 0, 1, 1.49
1563189379, 25, 132, 201, 201, 59, 2.36%, 0, 0, 1, 1.85
1563189385, 25, 135, 202, 202, 59, 2.36%, 0, 0, 1, 1.92
1563189415, 25, 150, 203, 203, 59, 2.36%, 0, 0, 1, 1.83
1563189421, 25, 153, 208, 208, 58, 2.36%, 0, 0, 1, 2.17
1563189446, 25, 165, 208, 208, 58, 2.36%, 0, 0, 1, 0.37
1563189458, 25, 171, 208, 208, 58, 2.36%, 0, 0, 1, 0.36
1563189464, 25, 174, 208, 208, 58, 2.36%, 0, 0, 1, 2.31
1563189530, 26, 0, 208, 208, 58, 2.36%, 0, 0, 1, 0.06
1563189566, 26, 17, 209, 209, 58, 2.36%, 0, 0, 1, 0.06
1563189596, 26, 32, 210, 210, 58, 2.36%, 0, 0, 1, 0.30
1563189602, 26, 35, 210, 210, 58, 2.36%, 0, 0, 1, 1.65
1563189626, 26, 47, 211, 211, 58, 2.36%, 0, 0, 1, 0.08
1563189632, 26, 50, 211, 211, 58, 2.36%, 0, 0, 1, 1.49
1563189668, 26, 68, 211, 211, 58, 2.36%, 0, 0, 1, 0.03
1563189794, 26, 131, 212, 212, 58, 2.36%, 0, 0, 1, 0.03
1563189819, 26, 143, 212, 212, 57, 2.36%, 0, 0, 1, 0.37
1563189843, 26, 155, 212, 212, 57, 2.36%, 0, 0, 1, 0.04
1563189855, 26, 161, 212, 212, 57, 2.36%, 0, 0, 1, 0.04
1563189897, 26, 182, 213, 213, 57, 2.36%, 0, 0, 1, 0.04
1563189909, 26, 188, 214, 214, 58, 2.36%, 0, 0, 1, 0.75
1563189921, 26, 194, 214, 214, 56, 2.36%, 0, 0, 1, 0.75
1563189959, 27, 0, 214, 214, 56, 2.36%, 0, 0, 1, 0.03
1563189975, 27, 7, 214, 214, 56, 2.36%, 0, 0, 1, 0.03
1563190388, 28, 0, 214, 214, 56, 2.36%, 0, 0, 1, 0.00
1563190817, 29, 0, 214, 214, 56, 2.36%, 0, 0, 1, 0.00
1563191087, 29, 134, 215, 215, 56, 2.36%, 0, 0, 1, 0.00
1563191099, 29, 140, 215, 215, 56, 2.36%, 0, 0, 1, 0.75
1563191148, 29, 164, 216, 216, 56, 2.36%, 0, 0, 1, 0.02
1563191160, 29, 170, 216, 216, 56, 2.36%, 0, 0, 1, 0.75
1563191250, 30, 0, 216, 216, 56, 2.36%, 0, 0, 1, 0.00
1563191479, 30, 113, 217, 217, 56, 2.36%, 0, 0, 1, 0.00
1563191509, 30, 128, 217, 217, 56, 2.36%, 0, 0, 1, 0.30
1563191545, 30, 146, 217, 217, 56, 2.36%, 0, 0, 1, 0.03
1563191617, 30, 182, 218, 218, 56, 2.36%, 0, 0, 1, 0.03
1563191653, 30, 200, 219, 219, 56, 2.36%, 0, 0, 1, 0.53
1563191659, 30, 203, 219, 219, 56, 2.36%, 0, 0, 1, 0.51
1563191665, 30, 206, 219, 219, 56, 2.36%, 0, 0, 1, 3.77
1563191689, 31, 0, 219, 219, 56, 2.36%, 0, 0, 1, 0.04
1563192128, 32, 0, 219, 219, 56, 2.36%, 0, 0, 1, 0.00
1563192429, 32, 149, 220, 220, 56, 2.36%, 0, 0, 1, 0.00
1563192465, 32, 167, 220, 220, 56, 2.36%, 0, 0, 1, 0.25
1563192569, 33, 0, 220, 220, 56, 2.36%, 0, 0, 1, 0.01
1563193010, 34, 0, 220, 220, 56, 2.36%, 0, 0, 1, 0.00
1563193452, 35, 0, 220, 220, 56, 2.36%, 0, 0, 1, 0.00
1563193893, 36, 0, 220, 220, 56, 2.36%, 0, 0, 1, 0.00
1563194334, 37, 0, 220, 220, 56, 2.36%, 0, 0, 1, 0.00
1563194775, 38, 0, 220, 220, 56, 2.36%, 0, 0, 1, 0.00
1563194901, 38, 62, 221, 221, 56, 2.36%, 0, 0, 1, 0.01
1563194937, 38, 80, 221, 221, 56, 2.36%, 0, 0, 1, 0.25
1563194949, 38, 86, 221, 221, 56, 2.36%, 0, 0, 1, 0.24
1563195218, 39, 0, 221, 221, 56, 2.36%, 0, 0, 1, 0.00
1563195623, 39, 201, 222, 222, 56, 2.36%, 0, 0, 1, 0.00
1563195663, 40, 0, 222, 222, 56, 2.36%, 0, 0, 1, 0.20
1563195719, 40, 27, 222, 222, 56, 2.36%, 0, 0, 1, 0.02
1563196108, 41, 0, 222, 222, 56, 2.36%, 0, 0, 1, 0.00
1563196553, 42, 0, 222, 222, 56, 2.36%, 0, 0, 1, 0.00
1563196998, 43, 0, 222, 222, 56, 2.36%, 0, 0, 1, 0.00
1563197443, 44, 0, 222, 222, 56, 2.36%, 0, 0, 1, 0.00
1563197888, 45, 0, 222, 222, 56, 2.36%, 0, 0, 1, 0.00
1563198333, 46, 0, 222, 222, 56, 2.36%, 0, 0, 1, 0.00
1563198371, 46, 18, 223, 223, 56, 2.36%, 0, 0, 1, 0.03
1563198414, 46, 39, 223, 223, 56, 2.36%, 0, 0, 1, 0.24
1563198780, 47, 0, 223, 223, 56, 2.36%, 0, 0, 1, 0.00
1563199105, 47, 161, 223, 223, 56, 2.36%, 0, 0, 1, 0.00
1563199228, 48, 0, 223, 223, 56, 2.36%, 0, 0, 1, 0.00
1563199675, 49, 0, 223, 223, 56, 2.36%, 0, 0, 1, 0.00
1563200122, 50, 0, 223, 223, 56, 2.36%, 0, 0, 1, 0.00
1563200308, 50, 92, 224, 224, 56, 2.37%, 0, 0, 1, 0.01
1563200320, 50, 98, 224, 224, 57, 2.37%, 0, 0, 1, 0.75
1563200326, 50, 101, 224, 224, 57, 2.37%, 0, 0, 1, 0.71
1563200571, 51, 0, 224, 224, 57, 2.37%, 0, 0, 1, 0.00
1563201020, 52, 0, 224, 224, 57, 2.37%, 0, 0, 1, 0.00
1563201156, 52, 67, 225, 225, 57, 2.37%, 0, 0, 1, 0.01
1563201168, 52, 73, 226, 226, 58, 2.38%, 0, 0, 1, 0.74
1563201192, 52, 85, 226, 226, 58, 2.38%, 0, 0, 1, 0.72
1563201473, 53, 0, 226, 226, 58, 2.38%, 0, 0, 1, 0.00
1563201547, 53, 36, 227, 227, 58, 2.38%, 0, 0, 1, 0.00
1563201571, 53, 48, 227, 227, 58, 2.38%, 0, 0, 1, 0.37
1563201577, 53, 51, 227, 227, 58, 2.38%, 0, 0, 1, 0.36
1563201928, 54, 0, 227, 227, 58, 2.38%, 0, 0, 1, 0.00
1563202052, 54, 61, 228, 228, 58, 2.38%, 0, 0, 1, 0.01
1563202076, 54, 73, 229, 229, 58, 2.38%, 0, 0, 1, 0.75
1563202112, 54, 91, 229, 229, 58, 2.38%, 0, 0, 1, 0.03
1563202387, 55, 0, 229, 229, 58, 2.38%, 0, 0, 1, 0.00
1563202618, 55, 114, 229, 229, 58, 2.38%, 0, 0, 1, 0.00
1563202846, 56, 0, 229, 229, 58, 2.38%, 0, 0, 1, 0.00
1563203249, 56, 200, 230, 230, 58, 2.38%, 0, 0, 1, 0.00
1563203297, 56, 224, 230, 230, 58, 2.38%, 0, 0, 1, 0.19
1563203307, 57, 0, 230, 230, 58, 2.38%, 0, 0, 1, 0.00
1563203333, 57, 12, 231, 231, 58, 2.38%, 0, 0, 1, 0.04
1563203358, 57, 24, 231, 231, 58, 2.38%, 0, 0, 1, 0.37
1563203538, 57, 114, 232, 232, 58, 2.38%, 0, 0, 1, 0.01
1563203568, 57, 129, 233, 233, 58, 2.38%, 0, 0, 1, 0.60
1563203775, 58, 0, 233, 233, 58, 2.38%, 0, 0, 1, 0.00
1563203911, 58, 67, 234, 234, 58, 2.38%, 0, 0, 1, 0.00
1563203953, 58, 88, 234, 234, 58, 2.38%, 0, 0, 1, 0.21
1563203971, 58, 97, 234, 234, 58, 2.38%, 0, 0, 1, 0.20
1563204244, 59, 0, 234, 234, 58, 2.38%, 0, 0, 1, 0.01
1563204567, 59, 160, 235, 235, 58, 2.38%, 0, 0, 1, 0.01
1563204609, 59, 181, 235, 235, 58, 2.38%, 0, 0, 1, 0.21
1563204615, 59, 184, 236, 236, 58, 2.38%, 0, 0, 1, 0.21
1563204675, 59, 214, 236, 236, 58, 2.38%, 0, 0, 1, 0.21
1563204717, 60, 0, 236, 236, 58, 2.38%, 0, 0, 1, 0.00
1563205162, 60, 221, 237, 237, 58, 2.38%, 0, 0, 1, 0.00
1563205192, 61, 0, 237, 237, 59, 2.38%, 0, 0, 1, 0.27
1563205198, 61, 2, 237, 237, 59, 2.38%, 0, 0, 1, 0.26
1563205481, 61, 143, 237, 237, 59, 2.38%, 0, 0, 1, 0.00
1563205667, 62, 0, 237, 237, 59, 2.38%, 0, 0, 1, 0.00
1563206142, 63, 0, 237, 237, 59, 2.38%, 0, 0, 1, 0.00
1563206617, 64, 0, 237, 237, 59, 2.38%, 0, 0, 1, 0.00
1563207093, 65, 0, 237, 237, 59, 2.38%, 0, 0, 1, 0.00
1563207568, 66, 0, 237, 237, 59, 2.38%, 0, 0, 1, 0.00
1563208043, 67, 0, 237, 237, 59, 2.38%, 0, 0, 1, 0.00
1563208518, 68, 0, 237, 237, 59, 2.38%, 0, 0, 1, 0.00
1563208993, 69, 0, 237, 237, 59, 2.38%, 0, 0, 1, 0.00
1563209468, 70, 0, 237, 237, 59, 2.38%, 0, 0, 1, 0.00
1563209943, 71, 0, 237, 237, 59, 2.38%, 0, 0, 1, 0.00
1563210418, 72, 0, 237, 237, 59, 2.38%, 0, 0, 1, 0.00
1563210893, 73, 0, 237, 237, 59, 2.38%, 0, 0, 1, 0.00
1563211368, 74, 0, 237, 237, 59, 2.38%, 0, 0, 1, 0.00
1563211843, 75, 0, 237, 237, 59, 2.38%, 0, 0, 1, 0.00
1563211886, 75, 20, 238, 238, 59, 2.38%, 0, 0, 1, 0.02
1563211928, 75, 41, 238, 238, 59, 2.38%, 0, 0, 1, 0.21
1563211940, 75, 47, 238, 238, 59, 2.38%, 0, 0, 1, 0.21
1563212321, 76, 0, 238, 238, 59, 2.38%, 0, 0, 1, 0.00
1563212798, 77, 0, 238, 238, 59, 2.38%, 0, 0, 1, 0.00
1563212854, 77, 27, 239, 239, 59, 2.38%, 0, 0, 1, 0.02
1563212914, 77, 57, 239, 239, 59, 2.38%, 0, 0, 1, 0.15
1563213149, 77, 174, 239, 239, 59, 2.38%, 0, 0, 1, 0.00
1563213277, 78, 0, 239, 239, 59, 2.38%, 0, 0, 1, 0.00
1563213756, 79, 0, 239, 239, 59, 2.38%, 0, 0, 1, 0.00
1563214235, 80, 0, 239, 239, 59, 2.38%, 0, 0, 1, 0.00
1563214273, 80, 18, 240, 240, 59, 2.38%, 0, 0, 1, 0.03
1563214399, 80, 81, 240, 240, 59, 2.38%, 0, 0, 1, 0.03
1563214716, 81, 0, 240, 240, 59, 2.38%, 0, 0, 1, 0.00
1563215127, 81, 204, 240, 240, 59, 2.38%, 0, 0, 1, 0.00
1563215197, 82, 0, 240, 240, 59, 2.38%, 0, 0, 1, 0.00
1563215679, 83, 0, 240, 240, 59, 2.38%, 0, 0, 1, 0.00
1563216160, 84, 0, 240, 240, 59, 2.38%, 0, 0, 1, 0.00
1563216641, 85, 0, 240, 240, 59, 2.38%, 0, 0, 1, 0.00
1563216956, 85, 156, 241, 241, 59, 2.38%, 0, 0, 1, 0.00
1563216968, 85, 162, 241, 241, 59, 2.38%, 0, 0, 1, 0.75
1563216986, 85, 171, 241, 241, 59, 2.38%, 0, 0, 1, 0.06
1563217124, 86, 0, 241, 241, 59, 2.38%, 0, 0, 1, 0.00
1563217539, 86, 206, 242, 242, 59, 2.39%, 0, 0, 1, 0.00
1563217545, 86, 209, 243, 243, 60, 2.39%, 0, 0, 1, 1.48
1563217557, 86, 215, 244, 244, 60, 2.39%, 0, 0, 1, 1.44
1563217611, 86, 242, 245, 245, 60, 2.39%, 0, 0, 1, 1.37
1563217617, 87, 0, 246, 246, 60, 2.39%, 0, 0, 1, 1.40
1563217623, 87, 2, 246, 246, 60, 2.39%, 0, 0, 1, 0.17
1563217768, 87, 74, 247, 247, 60, 2.39%, 0, 0, 1, 0.01
1563217798, 87, 89, 247, 247, 60, 2.39%, 0, 0, 1, 0.30
1563218113, 88, 0, 247, 247, 60, 2.39%, 0, 0, 1, 0.00
1563218375, 88, 130, 248, 248, 60, 2.39%, 0, 0, 1, 0.00
1563218387, 88, 136, 248, 248, 60, 2.39%, 0, 0, 1, 0.75
1563218610, 89, 0, 248, 248, 60, 2.39%, 0, 0, 1, 0.00
1563219107, 90, 0, 248, 248, 60, 2.39%, 0, 0, 1, 0.00
1563219536, 90, 213, 248, 248, 60, 2.39%, 0, 0, 1, 0.00
1563219604, 91, 0, 248, 248, 60, 2.39%, 0, 0, 1, 0.06
1563220101, 92, 0, 248, 248, 60, 2.39%, 0, 0, 1, 0.00
1563220598, 93, 0, 248, 248, 60, 2.39%, 0, 0, 1, 0.00
1563221096, 94, 0, 248, 248, 60, 2.39%, 0, 0, 1, 0.00
1563221593, 95, 0, 248, 248, 60, 2.39%, 0, 0, 1, 0.00
1563222090, 96, 0, 248, 248, 60, 2.39%, 0, 0, 1, 0.00
1563222587, 97, 0, 248, 248, 60, 2.39%, 0, 0, 1, 0.00
1563223084, 98, 0, 248, 248, 60, 2.39%, 0, 0, 1, 0.00
1563223581, 99, 0, 248, 248, 60, 2.39%, 0, 0, 1, 0.00
1563224078, 100, 0, 248, 248, 60, 2.39%, 0, 0, 1, 0.00
1563224575, 101, 0, 248, 248, 60, 2.39%, 0, 0, 1, 0.00
1563225073, 102, 0, 248, 248, 60, 2.39%, 0, 0, 1, 0.00
1563225570, 103, 0, 248, 248, 60, 2.39%, 0, 0, 1, 0.00
1563226067, 104, 0, 248, 248, 60, 2.39%, 0, 0, 1, 0.00
1563226564, 105, 0, 248, 248, 60, 2.39%, 0, 0, 1, 0.00
1563227061, 106, 0, 248, 248, 60, 2.39%, 0, 0, 1, 0.00
1563227558, 107, 0, 248, 248, 60, 2.39%, 0, 0, 1, 0.00
1563228056, 108, 0, 248, 248, 60, 2.39%, 0, 0, 1, 0.00
1563228553, 109, 0, 248, 248, 60, 2.39%, 0, 0, 1, 0.00
1563229050, 110, 0, 248, 248, 60, 2.39%, 0, 0, 1, 0.00
1563229547, 111, 0, 248, 248, 60, 2.39%, 0, 0, 1, 0.00
1563230044, 112, 0, 248, 248, 60, 2.39%, 0, 0, 1, 0.00
1563230542, 113, 0, 248, 248, 60, 2.39%, 0, 0, 1, 0.00
1563231039, 114, 0, 248, 248, 60, 2.39%, 0, 0, 1, 0.00
1563231536, 115, 0, 248, 248, 60, 2.39%, 0, 0, 1, 0.00
1563232033, 116, 0, 248, 248, 60, 2.39%, 0, 0, 1, 0.00
1563232530, 117, 0, 248, 248, 60, 2.39%, 0, 0, 1, 0.00
1563233027, 118, 0, 248, 248, 60, 2.39%, 0, 0, 1, 0.00
1563233524, 119, 0, 248, 248, 60, 2.39%, 0, 0, 1, 0.00
1563234022, 120, 0, 248, 248, 60, 2.39%, 0, 0, 1, 0.00
1563234519, 121, 0, 248, 248, 60, 2.39%, 0, 0, 1, 0.00
1563235016, 122, 0, 248, 248, 60, 2.39%, 0, 0, 1, 0.00
1563235513, 123, 0, 248, 248, 60, 2.39%, 0, 0, 1, 0.00
1563236010, 124, 0, 248, 248, 60, 2.39%, 0, 0, 1, 0.00
1563236508, 125, 0, 248, 248, 60, 2.39%, 0, 0, 1, 0.00
1563237005, 126, 0, 248, 248, 60, 2.39%, 0, 0, 1, 0.00
1563237502, 127, 0, 248, 248, 60, 2.39%, 0, 0, 1, 0.00
1563237999, 128, 0, 248, 248, 60, 2.39%, 0, 0, 1, 0.00
1563238496, 129, 0, 248, 248, 60, 2.39%, 0, 0, 1, 0.00
1563238993, 130, 0, 248, 248, 60, 2.39%, 0, 0, 1, 0.00
1563239491, 131, 0, 248, 248, 60, 2.39%, 0, 0, 1, 0.00
1563239988, 132, 0, 248, 248, 60, 2.39%, 0, 0, 1, 0.00
1563240485, 133, 0, 248, 248, 60, 2.39%, 0, 0, 1, 0.00
1563240982, 134, 0, 248, 248, 60, 2.39%, 0, 0, 1, 0.00
1563241479, 135, 0, 248, 248, 60, 2.39%, 0, 0, 1, 0.00
1563241976, 136, 0, 248, 248, 60, 2.39%, 0, 0, 1, 0.00
1563242473, 137, 0, 248, 248, 60, 2.39%, 0, 0, 1, 0.00
1563242970, 138, 0, 248, 248, 60, 2.39%, 0, 0, 1, 0.00
1563243468, 139, 0, 248, 248, 60, 2.39%, 0, 0, 1, 0.00
1563243953, 139, 241, 249, 249, 60, 2.39%, 0, 0, 1, 0.00
1563243967, 140, 0, 249, 249, 60, 2.39%, 0, 0, 1, 0.57
1563243989, 140, 10, 249, 249, 60, 2.39%, 0, 0, 1, 0.05
1563244007, 140, 19, 249, 249, 60, 2.39%, 0, 0, 1, 0.05
1563244466, 141, 0, 249, 249, 60, 2.39%, 0, 0, 1, 0.00
1563244965, 142, 0, 249, 249, 60, 2.39%, 0, 0, 1, 0.00
1563245464, 143, 0, 249, 249, 60, 2.39%, 0, 0, 1, 0.00
1563245963, 144, 0, 249, 249, 60, 2.39%, 0, 0, 1, 0.00
1563246462, 145, 0, 249, 249, 60, 2.39%, 0, 0, 1, 0.00
1563246962, 146, 0, 249, 249, 60, 2.39%, 0, 0, 1, 0.00
1563247461, 147, 0, 249, 249, 60, 2.39%, 0, 0, 1, 0.00
1563247960, 148, 0, 249, 249, 60, 2.39%, 0, 0, 1, 0.00
1563248459, 149, 0, 249, 249, 60, 2.39%, 0, 0, 1, 0.00
1563248958, 150, 0, 249, 249, 60, 2.39%, 0, 0, 1, 0.00
1563249458, 151, 0, 249, 249, 60, 2.39%, 0, 0, 1, 0.00
1563249957, 152, 0, 249, 249, 60, 2.39%, 0, 0, 1, 0.00
1563250456, 153, 0, 249, 249, 60, 2.39%, 0, 0, 1, 0.00
1563250955, 154, 0, 249, 249, 60, 2.39%, 0, 0, 1, 0.00
1563251454, 155, 0, 249, 249, 60, 2.39%, 0, 0, 1, 0.00
1563251953, 156, 0, 249, 249, 60, 2.39%, 0, 0, 1, 0.00
1563252372, 156, 208, 250, 250, 60, 2.39%, 0, 0, 1, 0.00
1563252396, 156, 220, 250, 250, 60, 2.39%, 0, 0, 1, 0.37
1563252454, 157, 0, 250, 250, 60, 2.39%, 0, 0, 1, 0.00
1563252956, 158, 0, 250, 250, 60, 2.39%, 0, 0, 1, 0.00
1563253457, 159, 0, 250, 250, 60, 2.39%, 0, 0, 1, 0.00
1563253958, 160, 0, 250, 250, 60, 2.39%, 0, 0, 1, 0.00
1563254164, 160, 102, 250, 250, 60, 2.39%, 0, 0, 1, 0.00
1563254459, 161, 0, 250, 250, 60, 2.39%, 0, 0, 1, 0.00
1563254961, 162, 0, 250, 250, 60, 2.39%, 0, 0, 1, 0.00
1563255462, 163, 0, 250, 250, 60, 2.39%, 0, 0, 1, 0.00
1563255963, 164, 0, 250, 250, 60, 2.39%, 0, 0, 1, 0.00
1563256464, 165, 0, 250, 250, 60, 2.39%, 0, 0, 1, 0.00
1563256965, 166, 0, 250, 250, 60, 2.39%, 0, 0, 1, 0.00
1563257467, 167, 0, 250, 250, 60, 2.39%, 0, 0, 1, 0.00
1563257968, 168, 0, 250, 250, 60, 2.39%, 0, 0, 1, 0.00
1563258469, 169, 0, 250, 250, 60, 2.39%, 0, 0, 1, 0.00
1563258970, 170, 0, 250, 250, 60, 2.39%, 0, 0, 1, 0.00
1563259471, 171, 0, 250, 250, 60, 2.39%, 0, 0, 1, 0.00
1563259973, 172, 0, 250, 250, 60, 2.39%, 0, 0, 1, 0.00
1563260474, 173, 0, 250, 250, 60, 2.39%, 0, 0, 1, 0.00
1563260975, 174, 0, 250, 250, 60, 2.39%, 0, 0, 1, 0.00
1563261476, 175, 0, 250, 250, 60, 2.39%, 0, 0, 1, 0.00
1563261749, 175, 135, 251, 251, 60, 2.39%, 0, 0, 1, 0.00
1563261761, 175, 141, 251, 251, 60, 2.39%, 0, 0, 1, 0.74
1563261797, 175, 159, 251, 251, 60, 2.39%, 0, 0, 1, 0.03
1563261979, 176, 0, 251, 251, 60, 2.39%, 0, 0, 1, 0.00
1563262483, 177, 0, 251, 251, 60, 2.39%, 0, 0, 1, 0.00
1563262986, 178, 0, 251, 251, 60, 2.39%, 0, 0, 1, 0.00
1563263489, 179, 0, 251, 251, 60, 2.39%, 0, 0, 1, 0.00
1563263992, 180, 0, 251, 251, 60, 2.39%, 0, 0, 1, 0.00
1563264495, 181, 0, 251, 251, 60, 2.39%, 0, 0, 1, 0.00
1563264999, 182, 0, 251, 251, 60, 2.39%, 0, 0, 1, 0.00
1563265291, 182, 145, 252, 252, 60, 2.39%, 0, 0, 1, 0.00
1563265309, 182, 154, 252, 252, 60, 2.39%, 0, 0, 1, 0.50
1563265504, 183, 0, 252, 252, 60, 2.39%, 0, 0, 1, 0.01
1563265857, 183, 175, 253, 253, 60, 2.39%, 0, 0, 1, 0.00
1563265923, 183, 208, 253, 253, 60, 2.39%, 0, 0, 1, 0.14
1563265929, 183, 211, 254, 254, 60, 2.39%, 0, 0, 1, 0.14
1563265983, 183, 238, 254, 254, 60, 2.39%, 0, 0, 1, 0.14
1563266013, 184, 0, 254, 254, 60, 2.39%, 0, 0, 1, 0.00
1563266522, 185, 0, 254, 254, 60, 2.39%, 0, 0, 1, 0.00
1563266939, 185, 207, 254, 254, 60, 2.39%, 0, 0, 1, 0.00
1563267032, 186, 0, 254, 254, 60, 2.39%, 0, 0, 1, 0.00
1563267541, 187, 0, 254, 254, 60, 2.39%, 0, 0, 1, 0.00
1563268050, 188, 0, 254, 254, 60, 2.39%, 0, 0, 1, 0.00
1563268559, 189, 0, 254, 254, 60, 2.39%, 0, 0, 1, 0.00
1563269068, 190, 0, 254, 254, 60, 2.39%, 0, 0, 1, 0.00
1563269578, 191, 0, 254, 254, 60, 2.39%, 0, 0, 1, 0.00
1563270087, 192, 0, 254, 254, 60, 2.39%, 0, 0, 1, 0.00
1563270596, 193, 0, 254, 254, 60, 2.39%, 0, 0, 1, 0.00
1563271105, 194, 0, 254, 254, 60, 2.39%, 0, 0, 1, 0.00
1563271614, 195, 0, 254, 254, 60, 2.39%, 0, 0, 1, 0.00
1563272124, 196, 0, 254, 254, 60, 2.39%, 0, 0, 1, 0.00
1563272633, 197, 0, 254, 254, 60, 2.39%, 0, 0, 1, 0.00
1563273142, 198, 0, 254, 254, 60, 2.39%, 0, 0, 1, 0.00
1563273651, 199, 0, 254, 254, 60, 2.39%, 0, 0, 1, 0.00
1563274161, 200, 0, 254, 254, 60, 2.39%, 0, 0, 1, 0.00
1563274670, 201, 0, 254, 254, 60, 2.39%, 0, 0, 1, 0.00
1563275179, 202, 0, 254, 254, 60, 2.39%, 0, 0, 1, 0.00
1563275688, 203, 0, 254, 254, 60, 2.39%, 0, 0, 1, 0.00
1563276197, 204, 0, 254, 254, 60, 2.39%, 0, 0, 1, 0.00
1563276707, 205, 0, 254, 254, 60, 2.39%, 0, 0, 1, 0.00
1563277216, 206, 0, 254, 254, 60, 2.39%, 0, 0, 1, 0.00
1563277725, 207, 0, 254, 254, 60, 2.39%, 0, 0, 1, 0.00
1563278234, 208, 0, 254, 254, 60, 2.39%, 0, 0, 1, 0.00
1563278743, 209, 0, 254, 254, 60, 2.39%, 0, 0, 1, 0.00
1563279252, 210, 0, 254, 254, 60, 2.39%, 0, 0, 1, 0.00
1563279761, 211, 0, 254, 254, 60, 2.39%, 0, 0, 1, 0.00
1563280271, 212, 0, 254, 254, 60, 2.39%, 0, 0, 1, 0.00
1563280780, 213, 0, 254, 254, 60, 2.39%, 0, 0, 1, 0.00
1563281289, 214, 0, 254, 254, 60, 2.39%, 0, 0, 1, 0.00
1563281798, 215, 0, 254, 254, 60, 2.39%, 0, 0, 1, 0.00
1563282307, 216, 0, 254, 254, 60, 2.39%, 0, 0, 1, 0.00
1563282816, 217, 0, 254, 254, 60, 2.39%, 0, 0, 1, 0.00
1563283325, 218, 0, 254, 254, 60, 2.39%, 0, 0, 1, 0.00
1563283835, 219, 0, 254, 254, 60, 2.39%, 0, 0, 1, 0.00
1563284344, 220, 0, 254, 254, 60, 2.39%, 0, 0, 1, 0.00
1563284853, 221, 0, 254, 254, 60, 2.39%, 0, 0, 1, 0.00
1563285362, 222, 0, 254, 254, 60, 2.39%, 0, 0, 1, 0.00
1563285871, 223, 0, 254, 254, 60, 2.39%, 0, 0, 1, 0.00
1563286380, 224, 0, 254, 254, 60, 2.39%, 0, 0, 1, 0.00
1563286890, 225, 0, 254, 254, 60, 2.39%, 0, 0, 1, 0.00
1563287399, 226, 0, 254, 254, 60, 2.39%, 0, 0, 1, 0.00
1563287908, 227, 0, 254, 254, 60, 2.39%, 0, 0, 1, 0.00
1563288417, 228, 0, 254, 254, 60, 2.39%, 0, 0, 1, 0.00
1563288926, 229, 0, 254, 254, 60, 2.39%, 0, 0, 1, 0.00
1563289436, 230, 0, 254, 254, 60, 2.39%, 0, 0, 1, 0.00
1563289945, 231, 0, 254, 254, 60, 2.39%, 0, 0, 1, 0.00
1563290454, 232, 0, 254, 254, 60, 2.39%, 0, 0, 1, 0.00
1563290963, 233, 0, 254, 254, 60, 2.39%, 0, 0, 1, 0.00
1563291472, 234, 0, 254, 254, 60, 2.39%, 0, 0, 1, 0.00
1563291982, 235, 0, 254, 254, 60, 2.39%, 0, 0, 1, 0.00
1563292491, 236, 0, 254, 254, 60, 2.39%, 0, 0, 1, 0.00
1563292841, 236, 174, 255, 255, 60, 2.39%, 0, 0, 1, 0.00
1563292866, 236, 186, 255, 255, 60, 2.39%, 0, 0, 1, 0.37
1563292908, 236, 207, 256, 256, 60, 2.39%, 0, 0, 1, 0.02
1563292932, 236, 219, 256, 256, 61, 2.39%, 0, 0, 1, 0.37
1563292998, 236, 252, 257, 257, 61, 2.41%, 0, 0, 1, 0.02
1563293004, 236, 255, 261, 261, 64, 2.42%, 0, 0, 1, 5.82
1563293010, 236, 258, 264, 264, 65, 2.42%, 0, 0, 1, 5.73
1563293020, 237, 0, 264, 264, 65, 2.42%, 0, 0, 1, 0.80
1563293028, 237, 3, 266, 266, 65, 2.42%, 0, 0, 1, 0.82
1563293034, 237, 6, 267, 267, 66, 2.43%, 0, 0, 1, 0.86
1563293064, 237, 21, 267, 267, 67, 2.43%, 0, 0, 1, 0.83
1563293077, 237, 27, 269, 269, 67, 2.43%, 0, 0, 1, 0.87
1563293095, 237, 36, 270, 270, 67, 2.43%, 0, 0, 1, 0.85
1563293137, 237, 57, 270, 270, 67, 2.43%, 0, 0, 1, 0.81
1563293143, 237, 60, 270, 270, 67, 2.43%, 0, 0, 1, 0.77
1563293185, 237, 81, 271, 271, 67, 2.43%, 0, 0, 1, 0.05
1563293197, 237, 87, 272, 272, 67, 2.43%, 0, 0, 1, 0.75
1563293203, 237, 90, 273, 273, 67, 2.43%, 0, 0, 1, 0.79
1563293215, 237, 96, 274, 274, 67, 2.44%, 0, 0, 1, 0.84
1563293263, 237, 120, 276, 276, 67, 2.44%, 0, 0, 1, 0.80
1563293269, 237, 123, 277, 277, 66, 2.44%, 0, 0, 1, 0.84
1563293275, 237, 126, 279, 279, 66, 2.44%, 0, 0, 1, 0.97
1563293294, 237, 135, 279, 279, 66, 2.44%, 0, 0, 1, 0.94
1563293300, 237, 138, 279, 279, 66, 2.44%, 0, 0, 1, 0.17
1563293330, 237, 153, 280, 280, 66, 2.44%, 0, 0, 1, 0.16
1563293354, 237, 165, 281, 281, 67, 2.44%, 0, 0, 1, 0.18
1563293378, 237, 177, 281, 281, 67, 2.44%, 0, 0, 1, 0.19
1563293414, 237, 195, 281, 281, 67, 2.44%, 0, 0, 1, 0.03
1563293420, 237, 198, 282, 282, 67, 2.44%, 0, 0, 1, 0.17
1563293480, 237, 228, 283, 283, 67, 2.44%, 0, 0, 1, 0.17
1563293588, 238, 0, 283, 283, 67, 2.44%, 0, 0, 1, 0.01
1563293703, 238, 56, 284, 284, 67, 2.44%, 0, 0, 1, 0.01
1563293733, 238, 71, 284, 284, 67, 2.44%, 0, 0, 1, 0.30
1563293817, 238, 113, 285, 285, 67, 2.44%, 0, 0, 1, 0.01
1563293835, 238, 122, 287, 287, 67, 2.44%, 0, 0, 1, 0.99
1563293859, 238, 134, 287, 287, 67, 2.44%, 0, 0, 1, 0.96
1563294164, 239, 0, 287, 287, 67, 2.44%, 0, 0, 1, 0.01
1563294739, 240, 0, 287, 287, 67, 2.44%, 0, 0, 1, 0.00
1563294761, 240, 10, 287, 287, 67, 2.44%, 0, 0, 1, 0.05
1563295062, 240, 160, 288, 288, 67, 2.44%, 0, 0, 1, 0.05
1563295074, 240, 166, 289, 289, 67, 2.44%, 0, 0, 1, 0.75
1563295092, 240, 175, 289, 289, 67, 2.44%, 0, 0, 1, 0.73
1563295165, 240, 211, 289, 289, 67, 2.44%, 0, 0, 1, 0.03
1563295249, 240, 253, 290, 290, 67, 2.44%, 0, 0, 1, 0.03
1563295255, 240, 256, 290, 290, 67, 2.44%, 0, 0, 1, 1.48
1563295321, 241, 0, 290, 290, 67, 2.44%, 0, 0, 1, 0.00
1563295902, 242, 0, 290, 290, 67, 2.44%, 0, 0, 1, 0.00
1563296484, 243, 0, 290, 290, 67, 2.44%, 0, 0, 1, 0.00
1563297065, 244, 0, 290, 290, 67, 2.44%, 0, 0, 1, 0.00
1563297420, 244, 176, 291, 291, 67, 2.44%, 0, 0, 1, 0.00
1563297504, 244, 218, 291, 291, 67, 2.44%, 0, 0, 1, 0.11
1563297624, 244, 278, 291, 291, 67, 2.44%, 0, 0, 1, 0.01
1563297649, 245, 0, 291, 291, 67, 2.44%, 0, 0, 1, 0.01
1563298232, 246, 0, 291, 291, 67, 2.44%, 0, 0, 1, 0.00
1563298815, 247, 0, 291, 291, 67, 2.44%, 0, 0, 1, 0.00
1563299399, 248, 0, 291, 291, 67, 2.44%, 0, 0, 1, 0.00
1563299982, 249, 0, 291, 291, 67, 2.44%, 0, 0, 1, 0.00
1563300475, 249, 245, 292, 292, 67, 2.44%, 0, 0, 1, 0.00
1563300535, 249, 275, 292, 292, 67, 2.44%, 0, 0, 1, 0.15
1563300567, 250, 0, 292, 292, 67, 2.44%, 0, 0, 1, 0.00
1563300614, 250, 22, 293, 293, 67, 2.44%, 0, 0, 1, 0.02
1563300638, 250, 34, 294, 294, 68, 2.44%, 0, 0, 1, 0.37
1563300644, 250, 37, 295, 295, 68, 2.45%, 0, 0, 1, 0.44
1563300668, 250, 49, 295, 295, 69, 2.45%, 0, 0, 1, 0.44
1563301159, 251, 0, 295, 295, 69, 2.45%, 0, 0, 1, 0.00
1563301750, 252, 0, 295, 295, 69, 2.45%, 0, 0, 1, 0.00
1563301913, 252, 80, 295, 295, 69, 2.45%, 0, 0, 1, 0.01
1563302342, 253, 0, 295, 295, 69, 2.45%, 0, 0, 1, 0.01
1563302933, 254, 0, 295, 295, 69, 2.45%, 0, 0, 1, 0.00
1563303524, 255, 0, 295, 295, 69, 2.45%, 0, 0, 1, 0.00
1563304116, 256, 0, 295, 295, 69, 2.45%, 0, 0, 1, 0.00
1563304707, 257, 0, 295, 295, 69, 2.45%, 0, 0, 1, 0.00
1563305299, 258, 0, 295, 295, 69, 2.45%, 0, 0, 1, 0.00
1563305890, 259, 0, 295, 295, 69, 2.45%, 0, 0, 1, 0.00
1563306482, 260, 0, 295, 295, 69, 2.45%, 0, 0, 1, 0.00
1563307073, 261, 0, 295, 295, 69, 2.45%, 0, 0, 1, 0.00
1563307506, 261, 215, 296, 296, 69, 2.45%, 0, 0, 1, 0.00
1563307536, 261, 230, 296, 296, 69, 2.45%, 0, 0, 1, 0.30
1563307666, 262, 0, 296, 296, 69, 2.45%, 0, 0, 1, 0.00
1563308260, 263, 0, 296, 296, 69, 2.45%, 0, 0, 1, 0.00
1563308619, 263, 178, 296, 296, 69, 2.45%, 0, 0, 1, 0.00
1563308853, 264, 0, 296, 296, 69, 2.45%, 0, 0, 1, 0.00
1563309447, 265, 0, 296, 296, 69, 2.45%, 0, 0, 1, 0.00
1563310040, 266, 0, 296, 296, 69, 2.45%, 0, 0, 1, 0.00
1563310633, 267, 0, 296, 296, 69, 2.45%, 0, 0, 1, 0.00
1563311227, 268, 0, 296, 296, 69, 2.45%, 0, 0, 1, 0.00
1563311820, 269, 0, 296, 296, 69, 2.45%, 0, 0, 1, 0.00
1563312414, 270, 0, 296, 296, 69, 2.45%, 0, 0, 1, 0.00
1563313007, 271, 0, 296, 296, 69, 2.45%, 0, 0, 1, 0.00
1563313601, 272, 0, 296, 296, 69, 2.45%, 0, 0, 1, 0.00
1563313641, 272, 19, 297, 297, 69, 2.45%, 0, 0, 1, 0.02
1563313671, 272, 34, 297, 297, 69, 2.45%, 0, 0, 1, 0.30
1563313858, 272, 127, 297, 297, 69, 2.45%, 0, 0, 1, 0.01
1563314196, 273, 0, 297, 297, 69, 2.45%, 0, 0, 1, 0.00
1563314387, 273, 94, 298, 298, 69, 2.45%, 0, 0, 1, 0.01
1563314453, 273, 127, 298, 298, 69, 2.45%, 0, 0, 1, 0.14
1563314794, 274, 0, 298, 298, 69, 2.45%, 0, 0, 1, 0.00
1563315391, 275, 0, 298, 298, 69, 2.45%, 0, 0, 1, 0.00
1563315989, 276, 0, 298, 298, 69, 2.45%, 0, 0, 1, 0.00
1563316366, 276, 187, 299, 299, 69, 2.45%, 0, 0, 1, 0.00
1563316402, 276, 205, 299, 299, 69, 2.45%, 0, 0, 1, 0.25
1563316414, 276, 211, 299, 299, 69, 2.45%, 0, 0, 1, 0.24
1563316528, 276, 268, 299, 299, 69, 2.45%, 0, 0, 1, 0.01
1563316588, 277, 0, 299, 299, 69, 2.45%, 0, 0, 1, 0.00
1563317075, 277, 242, 300, 300, 69, 2.45%, 0, 0, 1, 0.00
1563317148, 277, 278, 300, 300, 69, 2.45%, 0, 0, 1, 0.12
1563317190, 278, 0, 300, 300, 69, 2.45%, 0, 0, 1, 0.00
1563317791, 279, 0, 300, 300, 69, 2.45%, 0, 0, 1, 0.00
1563317965, 279, 86, 301, 301, 69, 2.45%, 0, 0, 1, 0.01
1563317972, 279, 89, 302, 302, 69, 2.45%, 0, 0, 1, 1.48
1563317996, 279, 101, 302, 302, 69, 2.45%, 0, 0, 1, 1.41
1563318397, 280, 0, 302, 302, 69, 2.45%, 0, 0, 1, 0.00
1563318627, 280, 114, 303, 303, 69, 2.45%, 0, 0, 1, 0.00
1563318699, 280, 150, 303, 303, 69, 2.45%, 0, 0, 1, 0.12
1563318874, 280, 237, 303, 303, 69, 2.45%, 0, 0, 1, 0.01
1563319004, 281, 0, 303, 303, 69, 2.45%, 0, 0, 1, 0.01
1563319612, 282, 0, 303, 303, 69, 2.45%, 0, 0, 1, 0.00
1563320219, 283, 0, 303, 303, 69, 2.45%, 0, 0, 1, 0.00
1563320762, 283, 270, 304, 304, 69, 2.45%, 0, 0, 1, 0.00
1563320774, 283, 276, 304, 304, 69, 2.45%, 0, 0, 1, 0.75
1563320828, 284, 0, 304, 304, 69, 2.45%, 0, 0, 1, 0.00
1563321438, 285, 0, 304, 304, 69, 2.45%, 0, 0, 1, 0.00
1563321574, 285, 67, 304, 304, 69, 2.45%, 0, 0, 1, 0.01
1563322048, 286, 0, 304, 304, 69, 2.45%, 0, 0, 1, 0.00
1563322657, 287, 0, 304, 304, 69, 2.45%, 0, 0, 1, 0.00
1563323266, 288, 0, 304, 304, 69, 2.45%, 0, 0, 1, 0.00
1563323876, 289, 0, 304, 304, 69, 2.45%, 0, 0, 1, 0.00
1563324485, 290, 0, 304, 304, 69, 2.45%, 0, 0, 1, 0.00
1563325095, 291, 0, 304, 304, 69, 2.45%, 0, 0, 1, 0.00
1563325704, 292, 0, 304, 304, 69, 2.45%, 0, 0, 1, 0.00
1563326314, 293, 0, 304, 304, 69, 2.45%, 0, 0, 1, 0.00
1563326897, 293, 290, 305, 305, 69, 2.45%, 0, 0, 1, 0.00
1563326915, 293, 299, 306, 306, 70, 2.46%, 0, 0, 1, 0.50
1563326927, 294, 0, 306, 306, 71, 2.46%, 0, 0, 1, 0.51
1563326933, 294, 2, 307, 307, 71, 2.46%, 0, 0, 1, 0.49
1563326951, 294, 11, 307, 307, 71, 2.46%, 0, 0, 1, 0.49
1563327543, 295, 0, 307, 307, 71, 2.46%, 0, 0, 1, 0.00
1563328158, 296, 0, 307, 307, 71, 2.46%, 0, 0, 1, 0.00
1563328226, 296, 33, 308, 308, 71, 2.47%, 0, 0, 1, 0.01
1563328250, 296, 45, 308, 308, 71, 2.47%, 0, 0, 1, 0.37
1563328776, 297, 0, 308, 308, 71, 2.47%, 0, 0, 1, 0.00
1563328786, 297, 4, 308, 308, 71, 2.47%, 0, 0, 1, 0.10
1563329393, 298, 0, 308, 308, 71, 2.47%, 0, 0, 1, 0.00
1563330011, 299, 0, 308, 308, 71, 2.47%, 0, 0, 1, 0.00
1563330628, 300, 0, 308, 308, 71, 2.47%, 0, 0, 1, 0.00
1563331246, 301, 0, 308, 308, 71, 2.47%, 0, 0, 1, 0.00
1563331863, 302, 0, 308, 308, 71, 2.47%, 0, 0, 1, 0.00
1563332481, 303, 0, 308, 308, 71, 2.47%, 0, 0, 1, 0.00
1563333098, 304, 0, 308, 308, 71, 2.47%, 0, 0, 1, 0.00
1563333716, 305, 0, 308, 308, 71, 2.47%, 0, 0, 1, 0.00
1563334333, 306, 0, 308, 308, 71, 2.47%, 0, 0, 1, 0.00
1563334951, 307, 0, 308, 308, 71, 2.47%, 0, 0, 1, 0.00
1563335568, 308, 0, 308, 308, 71, 2.47%, 0, 0, 1, 0.00
