# unix_time, cycles_done, cur_path, paths_total, pending_total, pending_favs, map_size, unique_crashes, unique_hangs, max_depth, execs_per_sec
1563350502, 0, 0, 2, 2, 2, 0.47%, 0, 0, 1, 115.94
1563350507, 0, 0, 42, 42, 2, 0.79%, 0, 0, 2, 120.34
1563350512, 0, 0, 80, 80, 2, 0.90%, 0, 0, 2, 123.30
1563350517, 0, 0, 103, 103, 2, 0.98%, 0, 0, 2, 120.44
1563350522, 0, 0, 121, 121, 2, 1.12%, 0, 0, 2, 119.44
1563350527, 0, 0, 134, 134, 2, 1.21%, 0, 0, 2, 118.74
1563350532, 0, 0, 149, 149, 2, 1.36%, 0, 0, 2, 115.41
1563350537, 0, 0, 161, 161, 2, 1.47%, 0, 0, 2, 119.92
1563350542, 0, 0, 165, 165, 2, 1.48%, 0, 0, 2, 113.00
1563350547, 0, 0, 174, 174, 2, 1.50%, 0, 0, 2, 108.97
1563350552, 0, 0, 178, 178, 2, 1.51%, 0, 0, 2, 110.55
1563350557, 0, 0, 184, 184, 2, 1.51%, 0, 0, 2, 109.01
1563350562, 0, 0, 196, 196, 2, 1.56%, 0, 0, 2, 107.96
1563350567, 0, 0, 206, 206, 2, 1.58%, 0, 0, 2, 109.27
1563350573, 0, 0, 211, 211, 2, 1.59%, 0, 0, 2, 111.40
1563350578, 0, 0, 219, 219, 2, 1.64%, 0, 0, 2, 111.07
1563350583, 0, 0, 222, 222, 2, 1.65%, 0, 0, 2, 114.23
1563350588, 0, 0, 224, 224, 2, 1.65%, 0, 0, 2, 116.04
1563350593, 0, 0, 230, 230, 2, 1.67%, 0, 0, 2, 119.46
1563350599, 0, 0, 231, 231, 2, 1.67%, 0, 0, 2, 121.41
1563350604, 0, 1, 258, 257, 95, 1.86%, 0, 0, 2, 113.57
1563350609, 0, 1, 260, 259, 95, 1.86%, 0, 0, 2, 120.94
1563350614, 0, 1, 267, 266, 95, 1.90%, 0, 0, 2, 122.43
1563350619, 0, 1, 271, 270, 95, 1.90%, 0, 0, 2, 125.27
1563350624, 0, 1, 278, 277, 95, 1.90%, 0, 0, 2, 125.38
1563350629, 0, 1, 282, 281, 95, 1.91%, 0, 0, 2, 126.02
1563350634, 0, 1, 287, 286, 95, 1.96%, 0, 0, 2, 114.18
1563350640, 0, 1, 290, 289, 95, 1.96%, 0, 0, 2, 114.18
1563350645, 0, 2, 307, 305, 100, 2.04%, 0, 0, 3, 115.42
1563350650, 0, 2, 317, 315, 100, 2.05%, 0, 0, 3, 118.24
1563350655, 0, 2, 327, 325, 100, 2.05%, 0, 0, 3, 116.62
1563350660, 0, 2, 332, 330, 100, 2.06%, 0, 0, 3, 113.50
1563350665, 0, 2, 357, 355, 100, 2.14%, 0, 0, 3, 112.72
1563350670, 0, 2, 369, 367, 100, 2.19%, 0, 0, 3, 119.01
1563350676, 0, 2, 378, 376, 100, 2.20%, 0, 0, 3, 113.77
1563350681, 0, 2, 387, 385, 100, 2.26%, 0, 0, 3, 119.13
1563350686, 0, 2, 395, 393, 100, 2.27%, 0, 0, 3, 110.95
1563350691, 0, 2, 408, 406, 100, 2.30%, 0, 0, 3, 106.93
1563350696, 0, 2, 416, 414, 100, 2.31%, 0, 0, 3, 112.31
1563350701, 0, 2, 422, 420, 100, 2.32%, 0, 0, 3, 113.20
1563350706, 0, 2, 426, 424, 100, 2.33%, 0, 0, 3, 108.06
1563350711, 0, 4, 427, 424, 130, 2.33%, 0, 0, 3, 112.62
1563350716, 0, 15, 430, 426, 130, 2.38%, 0, 0, 3, 112.03
1563350726, 0, 15, 432, 428, 130, 2.38%, 0, 0, 3, 105.34
1563350731, 0, 15, 437, 433, 130, 2.38%, 0, 0, 3, 110.30
1563350736, 0, 16, 440, 435, 130, 2.38%, 0, 0, 3, 108.82
1563350741, 0, 16, 444, 439, 130, 2.42%, 0, 0, 3, 109.55
1563350746, 0, 16, 447, 442, 130, 2.42%, 0, 0, 3, 109.80
1563350751, 0, 16, 451, 446, 130, 2.43%, 0, 0, 3, 111.69
1563350757, 0, 16, 452, 447, 130, 2.43%, 0, 0, 3, 110.67
1563350762, 0, 16, 454, 449, 130, 2.43%, 0, 0, 3, 112.48
1563350767, 0, 16, 455, 450, 130, 2.43%, 0, 0, 3, 114.09
1563350772, 0, 16, 457, 452, 130, 2.43%, 0, 0, 3, 117.13
1563350777, 0, 16, 458, 453, 130, 2.43%, 0, 0, 3, 116.74
1563350782, 0, 16, 461, 456, 130, 2.43%, 0, 0, 3, 119.53
1563350792, 0, 16, 464, 459, 130, 2.44%, 0, 0, 3, 113.40
1563350797, 0, 16, 468, 463, 130, 2.45%, 0, 0, 3, 113.13
1563350803, 0, 16, 490, 484, 129, 2.62%, 0, 0, 3, 110.43
1563350808, 0, 20, 498, 492, 149, 2.63%, 0, 0, 3, 116.69
1563350813, 0, 20, 502, 496, 149, 2.63%, 0, 0, 3, 115.48
1563350818, 0, 20, 504, 498, 149, 2.63%, 0, 0, 3, 119.20
1563350833, 0, 20, 505, 499, 149, 2.63%, 0, 0, 3, 116.10
1563350839, 0, 20, 507, 501, 149, 2.64%, 0, 0, 3, 115.27
1563350849, 0, 20, 508, 502, 149, 2.64%, 0, 0, 3, 116.95
1563350854, 0, 20, 510, 504, 149, 2.64%, 0, 0, 3, 119.66
1563350880, 0, 20, 513, 507, 149, 2.65%, 0, 0, 3, 114.24
1563350885, 0, 34, 514, 507, 154, 2.67%, 0, 0, 3, 109.86
1563350890, 0, 34, 515, 508, 154, 2.67%, 0, 0, 3, 111.74
1563350895, 0, 34, 516, 509, 154, 2.68%, 0, 0, 3, 110.65
1563350900, 0, 43, 517, 509, 155, 2.68%, 0, 0, 3, 109.30
1563350905, 0, 45, 520, 511, 155, 2.68%, 0, 0, 3, 110.33
1563350910, 0, 45, 521, 512, 155, 2.68%, 0, 0, 3, 113.96
1563350916, 0, 45, 523, 514, 155, 2.68%, 0, 0, 3, 115.56
1563350921, 0, 45, 524, 515, 155, 2.68%, 0, 0, 3, 114.84
1563350941, 0, 45, 525, 516, 155, 2.69%, 0, 0, 3, 115.68
1563350946, 0, 45, 527, 518, 155, 2.69%, 0, 0, 3, 110.62
1563350951, 0, 45, 528, 519, 155, 2.69%, 0, 0, 3, 113.50
1563350961, 0, 45, 529, 520, 155, 2.70%, 0, 0, 3, 121.52
1563350966, 0, 45, 532, 523, 155, 2.70%, 0, 0, 3, 126.69
1563350971, 0, 45, 534, 525, 155, 2.71%, 0, 0, 3, 127.38
1563350982, 0, 68, 537, 527, 160, 2.71%, 0, 0, 3, 124.91
1563350987, 0, 68, 538, 528, 160, 2.71%, 0, 0, 3, 126.70
1563350992, 0, 68, 542, 532, 160, 2.71%, 0, 0, 3, 123.15
1563350997, 0, 68, 544, 534, 160, 2.73%, 0, 0, 3, 120.82
1563351002, 0, 68, 546, 536, 160, 2.73%, 0, 0, 3, 122.90
1563351007, 0, 68, 547, 537, 160, 2.74%, 0, 0, 3, 122.52
1563351017, 0, 68, 549, 539, 160, 2.74%, 0, 0, 3, 109.54
1563351022, 0, 68, 551, 541, 160, 2.74%, 0, 0, 3, 113.28
1563351043, 0, 68, 552, 542, 160, 2.74%, 0, 0, 3, 113.01
1563351048, 0, 68, 554, 544, 160, 2.74%, 0, 0, 3, 111.47
1563351058, 0, 68, 581, 570, 159, 2.80%, 0, 0, 3, 102.95
1563351063, 0, 70, 592, 581, 168, 2.86%, 0, 0, 3, 103.41
1563351073, 0, 95, 592, 580, 168, 2.86%, 0, 0, 3, 109.43
1563351079, 0, 95, 594, 582, 168, 2.86%, 0, 0, 3, 110.19
1563351084, 0, 95, 598, 586, 168, 2.86%, 0, 0, 3, 115.41
1563351089, 0, 95, 604, 592, 168, 2.89%, 0, 0, 3, 111.32
1563351094, 0, 95, 607, 595, 168, 2.89%, 0, 0, 3, 111.80
1563351099, 0, 96, 608, 595, 169, 2.89%, 0, 0, 3, 112.30
1563351104, 0, 96, 611, 598, 169, 2.89%, 0, 0, 3, 111.46
1563351109, 0, 113, 613, 598, 166, 2.92%, 0, 0, 3, 111.65
1563351119, 0, 113, 616, 601, 166, 2.92%, 0, 0, 3, 112.38
1563351124, 0, 114, 622, 606, 166, 2.94%, 0, 0, 3, 105.37
1563351134, 0, 115, 625, 608, 167, 2.95%, 0, 0, 3, 107.08
1563351139, 0, 115, 632, 615, 167, 2.97%, 0, 0, 3, 108.88
1563351145, 0, 115, 640, 623, 167, 2.97%, 0, 0, 3, 113.71
1563351150, 0, 115, 652, 635, 167, 3.00%, 0, 0, 3, 116.78
1563351155, 0, 115, 655, 638, 167, 3.00%, 0, 0, 3, 115.01
1563351160, 0, 115, 658, 641, 167, 3.00%, 0, 0, 3, 114.95
1563351165, 0, 121, 659, 641, 173, 3.01%, 0, 0, 3, 113.00
1563351170, 0, 122, 659, 640, 173, 3.01%, 0, 0, 3, 110.36
1563351175, 0, 122, 662, 643, 173, 3.01%, 0, 0, 3, 114.50
1563351180, 0, 122, 663, 644, 173, 3.01%, 0, 0, 3, 117.05
1563351185, 0, 122, 664, 645, 173, 3.01%, 0, 0, 3, 119.20
1563351195, 0, 122, 665, 646, 173, 3.01%, 0, 0, 3, 119.00
1563351210, 0, 122, 666, 647, 173, 3.01%, 0, 0, 3, 113.50
1563351215, 0, 122, 667, 648, 173, 3.01%, 0, 0, 3, 119.30
1563351241, 0, 122, 674, 655, 173, 3.02%, 0, 0, 3, 127.01
1563351246, 0, 122, 675, 656, 173, 3.08%, 0, 0, 3, 127.61
1563351251, 0, 124, 676, 656, 170, 3.08%, 0, 0, 3, 126.47
1563351256, 0, 124, 678, 658, 170, 3.08%, 0, 0, 3, 122.56
1563351261, 0, 130, 685, 664, 171, 3.09%, 0, 0, 3, 122.10
1563351267, 0, 130, 686, 665, 171, 3.09%, 0, 0, 3, 122.47
1563351272, 0, 130, 689, 668, 171, 3.09%, 0, 0, 3, 119.43
1563351277, 0, 130, 690, 669, 171, 3.09%, 0, 0, 3, 117.42
1563351282, 0, 130, 691, 670, 171, 3.09%, 0, 0, 3, 117.81
1563351287, 0, 130, 693, 672, 171, 3.09%, 0, 0, 3, 122.57
1563351292, 0, 130, 695, 674, 171, 3.09%, 0, 0, 3, 126.26
1563351297, 0, 130, 697, 676, 171, 3.09%, 0, 0, 3, 126.03
1563351302, 0, 130, 700, 679, 171, 3.14%, 0, 0, 3, 127.32
1563351323, 0, 130, 702, 681, 171, 3.14%, 0, 0, 3, 131.09
1563351328, 0, 130, 703, 682, 171, 3.14%, 0, 0, 3, 131.48
1563351333, 0, 131, 703, 681, 167, 3.14%, 0, 0, 3, 128.28
1563351338, 0, 134, 704, 681, 167, 3.14%, 0, 0, 3, 125.58
1563351343, 0, 134, 705, 682, 167, 3.14%, 0, 0, 3, 131.40
1563351348, 0, 138, 705, 681, 166, 3.14%, 0, 0, 3, 126.37
1563351354, 0, 144, 707, 682, 165, 3.14%, 0, 0, 3, 125.78
1563351359, 0, 144, 710, 685, 165, 3.14%, 0, 0, 3, 121.82
1563351364, 0, 147, 716, 690, 164, 3.16%, 0, 0, 3, 119.43
1563351369, 0, 147, 719, 693, 164, 3.17%, 0, 0, 3, 119.88
1563351374, 0, 147, 721, 695, 164, 3.17%, 0, 0, 3, 118.95
1563351379, 0, 147, 722, 696, 164, 3.17%, 0, 0, 3, 121.52
1563351384, 0, 147, 724, 698, 164, 3.19%, 0, 0, 3, 114.38
1563351394, 0, 147, 725, 699, 164, 3.21%, 0, 0, 3, 112.89
1563351399, 0, 147, 728, 702, 164, 3.22%, 0, 0, 3, 112.99
1563351410, 0, 147, 729, 703, 164, 3.22%, 0, 0, 3, 115.67
1563351415, 0, 147, 731, 705, 164, 3.22%, 0, 0, 3, 119.54
1563351420, 0, 147, 736, 710, 164, 3.22%, 0, 0, 3, 118.17
1563351425, 0, 147, 742, 716, 164, 3.23%, 0, 0, 3, 115.68
1563351430, 0, 150, 743, 716, 172, 3.23%, 0, 0, 3, 119.58
1563351435, 0, 171, 744, 716, 172, 3.24%, 0, 0, 3, 126.45
1563351440, 0, 174, 746, 717, 171, 3.24%, 0, 0, 3, 124.37
1563351445, 0, 174, 747, 718, 171, 3.24%, 0, 0, 3, 122.67
1563351451, 0, 174, 749, 720, 171, 3.25%, 0, 0, 3, 127.23
1563351456, 0, 174, 750, 721, 171, 3.25%, 0, 0, 3, 116.91
1563351466, 0, 174, 751, 722, 171, 3.25%, 0, 0, 3, 111.26
1563351486, 0, 174, 752, 723, 171, 3.25%, 0, 0, 3, 116.36
1563351496, 0, 174, 760, 731, 171, 3.30%, 0, 0, 3, 117.05
1563351501, 0, 174, 763, 734, 171, 3.30%, 0, 0, 3, 119.42
1563351507, 0, 187, 765, 735, 175, 3.30%, 0, 0, 3, 125.29
1563351512, 0, 187, 768, 738, 175, 3.30%, 0, 0, 3, 126.29
1563351532, 0, 187, 769, 739, 175, 3.31%, 0, 0, 3, 127.80
1563351537, 0, 187, 770, 740, 175, 3.31%, 0, 0, 3, 124.33
1563351542, 0, 187, 771, 741, 175, 3.31%, 0, 0, 3, 128.60
1563351547, 0, 187, 772, 742, 175, 3.31%, 0, 0, 3, 123.44
1563351558, 0, 187, 773, 743, 175, 3.31%, 0, 0, 3, 124.53
1563351578, 0, 189, 784, 753, 175, 3.31%, 0, 0, 3, 116.98
1563351583, 0, 189, 788, 757, 175, 3.32%, 0, 0, 3, 123.37
1563351589, 0, 189, 791, 760, 175, 3.32%, 0, 0, 3, 124.14
1563351594, 0, 189, 795, 764, 175, 3.33%, 0, 0, 3, 125.10
1563351599, 0, 189, 798, 767, 175, 3.33%, 0, 0, 3, 115.54
1563351604, 0, 189, 800, 769, 175, 3.33%, 0, 0, 3, 115.94
1563351609, 0, 189, 801, 770, 175, 3.33%, 0, 0, 3, 117.80
1563351619, 0, 189, 802, 771, 175, 3.33%, 0, 0, 3, 124.39
1563351625, 0, 189, 803, 772, 175, 3.33%, 0, 0, 3, 122.07
1563351645, 0, 189, 804, 773, 175, 3.33%, 0, 0, 3, 129.70
1563351650, 0, 194, 805, 773, 174, 3.33%, 0, 0, 3, 128.49
1563351655, 0, 195, 807, 774, 173, 3.33%, 0, 0, 3, 131.31
1563351665, 0, 200, 808, 774, 172, 3.33%, 0, 0, 3, 109.82
1563351676, 0, 204, 810, 775, 171, 3.33%, 0, 0, 3, 111.84
1563351681, 0, 206, 815, 779, 172, 3.34%, 0, 0, 3, 113.65
1563351686, 0, 206, 823, 787, 172, 3.42%, 0, 0, 3, 116.29
1563351691, 0, 206, 830, 794, 172, 3.43%, 0, 0, 3, 116.80
1563351696, 0, 206, 831, 795, 172, 3.43%, 0, 0, 3, 116.65
1563351701, 0, 213, 831, 794, 174, 3.43%, 0, 0, 3, 110.63
1563351711, 0, 216, 832, 794, 173, 3.43%, 0, 0, 3, 117.22
1563351716, 0, 221, 834, 795, 170, 3.43%, 0, 0, 3, 116.48
1563351726, 0, 221, 836, 797, 170, 3.44%, 0, 0, 3, 116.40
1563351732, 0, 223, 839, 799, 171, 3.44%, 0, 0, 3, 111.43
1563351742, 0, 223, 841, 801, 171, 3.44%, 0, 0, 3, 110.95
1563351747, 0, 224, 843, 802, 170, 3.44%, 0, 0, 3, 118.38
1563351752, 0, 226, 843, 801, 169, 3.44%, 0, 0, 3, 111.28
1563351762, 0, 229, 845, 802, 168, 3.44%, 0, 0, 3, 117.77
1563351772, 0, 229, 872, 829, 168, 3.54%, 0, 0, 3, 111.46
1563351777, 0, 229, 882, 839, 168, 3.55%, 0, 0, 3, 111.45
1563351782, 0, 229, 885, 842, 168, 3.57%, 0, 0, 3, 121.21
1563351787, 0, 233, 885, 841, 179, 3.57%, 0, 0, 3, 117.35
1563351798, 0, 234, 885, 840, 178, 3.57%, 0, 0, 3, 112.19
1563351803, 0, 236, 886, 840, 177, 3.57%, 0, 0, 3, 115.56
1563351813, 0, 239, 886, 839, 176, 3.57%, 0, 0, 3, 109.65
1563351823, 0, 240, 887, 839, 175, 3.57%, 0, 0, 3, 121.74
1563351828, 0, 240, 892, 844, 175, 3.57%, 0, 0, 3, 125.59
1563351849, 0, 240, 894, 846, 175, 3.58%, 0, 0, 3, 120.65
1563351854, 0, 240, 895, 847, 175, 3.58%, 0, 0, 3, 120.34
1563351864, 0, 240, 896, 848, 175, 3.58%, 0, 0, 3, 122.92
1563351869, 0, 240, 897, 849, 175, 3.58%, 0, 0, 3, 125.20
1563351874, 0, 240, 898, 850, 175, 3.58%, 0, 0, 3, 124.54
1563351879, 0, 241, 898, 849, 177, 3.58%, 0, 0, 3, 125.19
1563351884, 0, 241, 899, 850, 177, 3.58%, 0, 0, 3, 122.13
1563351889, 0, 243, 899, 849, 176, 3.58%, 0, 0, 3, 117.56
1563351894, 0, 243, 905, 855, 176, 3.58%, 0, 0, 3, 121.28
1563351900, 0, 243, 912, 862, 176, 3.58%, 0, 0, 3, 114.89
1563351905, 0, 243, 915, 865, 176, 3.58%, 0, 0, 3, 118.27
1563351910, 0, 244, 918, 867, 179, 3.58%, 0, 0, 3, 123.27
1563351915, 0, 244, 920, 869, 179, 3.58%, 0, 0, 3, 124.50
1563351920, 0, 245, 920, 868, 179, 3.58%, 0, 0, 3, 125.82
1563351925, 0, 246, 920, 867, 178, 3.58%, 0, 0, 3, 122.99
1563351936, 0, 252, 920, 866, 177, 3.58%, 0, 0, 3, 121.43
1563351941, 0, 252, 921, 867, 177, 3.58%, 0, 0, 3, 123.42
1563351946, 0, 253, 921, 866, 176, 3.58%, 0, 0, 3, 121.79
1563351951, 0, 262, 921, 865, 175, 3.58%, 0, 0, 3, 112.82
1563351956, 0, 262, 922, 866, 175, 3.59%, 0, 0, 3, 111.41
1563351961, 0, 288, 923, 866, 174, 3.59%, 0, 0, 3, 114.29
1563351966, 0, 292, 923, 865, 173, 3.59%, 0, 0, 3, 92.72
1563351977, 0, 312, 924, 865, 172, 3.59%, 0, 0, 4, 77.09
1563351982, 0, 312, 926, 867, 172, 3.59%, 0, 0, 4, 105.19
1563351997, 0, 312, 928, 869, 172, 3.59%, 0, 0, 4, 113.27
1563352002, 0, 326, 928, 868, 173, 3.59%, 0, 0, 4, 112.03
1563352007, 0, 328, 928, 867, 172, 3.59%, 0, 0, 4, 118.39
1563352017, 0, 338, 931, 869, 171, 3.59%, 0, 0, 4, 127.28
1563352023, 0, 338, 936, 874, 171, 3.59%, 0, 0, 4, 128.43
1563352028, 0, 338, 940, 878, 171, 3.59%, 0, 0, 4, 134.84
1563352033, 0, 338, 943, 881, 171, 3.59%, 0, 0, 4, 129.11
1563352043, 0, 338, 944, 882, 171, 3.59%, 0, 0, 4, 127.37
1563352059, 0, 338, 945, 883, 171, 3.59%, 0, 0, 4, 134.00
1563352074, 0, 338, 946, 884, 171, 3.59%, 0, 0, 4, 132.00
1563352079, 0, 338, 948, 886, 171, 3.61%, 0, 0, 4, 134.80
1563352084, 0, 338, 953, 891, 171, 3.61%, 0, 0, 4, 132.40
1563352090, 0, 342, 955, 892, 175, 3.61%, 0, 0, 4, 132.01
1563352095, 0, 353, 956, 892, 174, 3.61%, 0, 0, 4, 102.80
1563352100, 0, 360, 958, 893, 174, 3.62%, 0, 0, 4, 88.65
1563352105, 0, 360, 959, 894, 174, 3.62%, 0, 0, 4, 121.36
1563352110, 0, 362, 962, 896, 175, 3.63%, 0, 0, 4, 126.45
1563352115, 0, 362, 964, 898, 175, 3.63%, 0, 0, 4, 125.47
1563352120, 0, 366, 977, 910, 174, 3.64%, 0, 0, 4, 112.21
1563352126, 0, 366, 978, 911, 174, 3.64%, 0, 0, 4, 114.94
1563352131, 0, 366, 981, 914, 174, 3.64%, 0, 0, 4, 116.29
1563352136, 0, 366, 983, 916, 174, 3.64%, 0, 0, 4, 112.65
1563352141, 0, 366, 984, 917, 174, 3.64%, 0, 0, 4, 113.83
1563352146, 0, 366, 987, 920, 174, 3.64%, 0, 0, 4, 113.90
1563352156, 0, 366, 988, 921, 174, 3.64%, 0, 0, 4, 115.69
1563352162, 0, 366, 991, 924, 174, 3.65%, 0, 0, 4, 112.64
1563352167, 0, 366, 992, 925, 174, 3.66%, 0, 0, 4, 114.30
1563352172, 0, 366, 994, 927, 174, 3.66%, 0, 0, 4, 113.25
1563352177, 0, 366, 998, 931, 174, 3.66%, 0, 0, 4, 116.17
1563352187, 0, 366, 1000, 933, 174, 3.66%, 0, 0, 4, 116.85
1563352192, 0, 366, 1002, 935, 174, 3.66%, 0, 0, 4, 115.78
1563352197, 0, 366, 1008, 941, 174, 3.66%, 0, 0, 4, 112.96
1563352202, 0, 366, 1011, 944, 174, 3.66%, 0, 0, 4, 117.59
1563352207, 0, 367, 1013, 945, 179, 3.66%, 0, 0, 4, 115.97
1563352213, 0, 367, 1014, 946, 179, 3.72%, 0, 0, 4, 118.73
1563352223, 0, 371, 1014, 945, 178, 3.72%, 0, 0, 4, 113.79
1563352228, 0, 372, 1014, 944, 177, 3.72%, 0, 0, 4, 112.50
1563352233, 0, 375, 1015, 944, 176, 3.72%, 0, 0, 4, 116.42
1563352243, 0, 376, 1016, 944, 175, 3.72%, 0, 0, 4, 121.18
1563352248, 0, 378, 1016, 943, 174, 3.72%, 0, 0, 4, 116.59
1563352254, 0, 378, 1023, 950, 174, 3.73%, 0, 0, 4, 110.61
1563352259, 0, 378, 1026, 953, 174, 3.73%, 0, 0, 4, 108.91
1563352264, 0, 378, 1027, 954, 174, 3.74%, 0, 0, 4, 99.85
1563352269, 0, 378, 1029, 956, 174, 3.74%, 0, 0, 4, 95.88
1563352284, 0, 378, 1030, 957, 174, 3.74%, 0, 0, 4, 103.95
1563352289, 0, 378, 1031, 958, 174, 3.74%, 0, 0, 4, 107.60
1563352294, 0, 378, 1032, 959, 174, 3.74%, 0, 0, 4, 105.64
1563352304, 0, 378, 1033, 960, 174, 3.74%, 0, 0, 4, 110.79
1563352309, 0, 378, 1034, 961, 174, 3.74%, 0, 0, 4, 111.28
1563352315, 0, 378, 1035, 962, 174, 3.74%, 0, 0, 4, 108.47
1563352320, 0, 379, 1038, 964, 176, 3.74%, 0, 0, 4, 111.00
1563352325, 0, 379, 1044, 970, 176, 3.74%, 0, 0, 4, 115.29
1563352330, 0, 380, 1045, 970, 175, 3.74%, 0, 0, 4, 115.37
1563352335, 0, 380, 1047, 972, 175, 3.74%, 0, 0, 4, 117.00
1563352340, 0, 388, 1053, 977, 174, 3.75%, 0, 0, 4, 114.32
1563352345, 0, 388, 1056, 980, 174, 3.76%, 0, 0, 4, 112.60
1563352350, 0, 388, 1057, 981, 174, 3.76%, 0, 0, 4, 111.29
1563352356, 0, 391, 1057, 980, 175, 3.76%, 0, 0, 4, 113.25
1563352361, 0, 403, 1059, 981, 174, 3.76%, 0, 0, 4, 114.73
1563352366, 0, 403, 1060, 982, 174, 3.76%, 0, 0, 4, 115.95
1563352371, 0, 417, 1061, 982, 173, 3.76%, 0, 0, 4, 113.90
1563352381, 0, 420, 1063, 983, 172, 3.76%, 0, 0, 4, 109.75
1563352386, 0, 420, 1069, 989, 172, 3.76%, 0, 0, 4, 113.77
1563352391, 0, 420, 1072, 992, 172, 3.76%, 0, 0, 4, 112.71
1563352396, 0, 420, 1073, 993, 172, 3.76%, 0, 0, 4, 118.69
1563352417, 0, 420, 1074, 994, 172, 3.76%, 0, 0, 4, 125.92
1563352432, 0, 420, 1075, 995, 172, 3.76%, 0, 0, 4, 114.42
1563352437, 0, 420, 1076, 996, 172, 3.77%, 0, 0, 4, 113.72
1563352453, 0, 420, 1077, 997, 172, 3.77%, 0, 0, 4, 110.32
1563352458, 0, 420, 1077, 996, 172, 3.77%, 0, 0, 4, 106.57
1563352463, 0, 423, 1078, 997, 172, 3.77%, 0, 0, 4, 112.29
1563352468, 0, 441, 1079, 997, 172, 3.77%, 0, 0, 4, 115.78
1563352473, 0, 441, 1080, 998, 172, 3.77%, 0, 0, 4, 117.05
1563352478, 0, 441, 1082, 1000, 172, 3.77%, 0, 0, 4, 118.36
1563352483, 0, 445, 1082, 999, 171, 3.77%, 0, 0, 4, 118.54
1563352488, 0, 446, 1082, 998, 171, 3.77%, 0, 0, 4, 118.84
1563352493, 0, 446, 1083, 999, 171, 3.77%, 0, 0, 4, 121.29
1563352498, 0, 446, 1089, 1005, 171, 3.77%, 0, 0, 4, 121.41
1563352509, 0, 447, 1089, 1004, 170, 3.77%, 0, 0, 4, 117.91
1563352514, 0, 450, 1089, 1003, 169, 3.77%, 0, 0, 4, 117.15
1563352524, 0, 458, 1090, 1003, 168, 3.77%, 0, 0, 4, 117.46
1563352539, 0, 466, 1090, 1002, 168, 3.77%, 0, 0, 4, 115.91
1563352545, 0, 471, 1091, 1002, 168, 3.77%, 0, 0, 4, 109.47
1563352555, 0, 473, 1091, 1001, 167, 3.77%, 0, 0, 4, 109.11
1563352560, 0, 473, 1092, 1002, 167, 3.77%, 0, 0, 4, 110.07
1563352570, 0, 475, 1093, 1002, 166, 3.77%, 0, 0, 4, 113.58
1563352575, 0, 477, 1094, 1002, 166, 3.78%, 0, 0, 4, 112.22
1563352585, 0, 478, 1094, 1001, 165, 3.78%, 0, 0, 4, 106.88
1563352590, 0, 480, 1095, 1001, 164, 3.78%, 0, 0, 4, 109.25
1563352605, 0, 483, 1095, 1000, 163, 3.78%, 0, 0, 4, 110.13
1563352610, 0, 485, 1095, 999, 162, 3.78%, 0, 0, 4, 111.77
1563352620, 0, 488, 1095, 998, 161, 3.78%, 0, 0, 4, 112.33
1563352625, 0, 488, 1096, 999, 161, 3.78%, 0, 0, 4, 114.63
1563352631, 0, 494, 1097, 999, 160, 3.78%, 0, 0, 4, 111.86
1563352636, 0, 495, 1097, 998, 159, 3.78%, 0, 0, 4, 113.76
1563352641, 0, 496, 1098, 998, 158, 3.78%, 0, 0, 4, 116.24
1563352646, 0, 496, 1100, 1000, 158, 3.78%, 0, 0, 4, 112.24
1563352651, 0, 498, 1101, 1000, 158, 3.78%, 0, 0, 4, 113.20
1563352656, 0, 499, 1101, 999, 157, 3.78%, 0, 0, 4, 116.18
1563352662, 0, 502, 1101, 998, 156, 3.78%, 0, 0, 4, 116.42
1563352667, 0, 503, 1102, 998, 155, 3.78%, 0, 0, 4, 112.72
1563352672, 0, 504, 1102, 997, 154, 3.78%, 0, 0, 4, 112.29
1563352677, 0, 504, 1105, 1000, 154, 3.78%, 0, 0, 4, 114.04
1563352682, 0, 506, 1106, 1000, 152, 3.78%, 0, 0, 4, 113.25
1563352687, 0, 513, 1106, 999, 152, 3.78%, 0, 0, 4, 114.27
1563352693, 0, 524, 1107, 999, 151, 3.78%, 0, 0, 4, 120.84
1563352698, 0, 524, 1109, 1001, 151, 3.78%, 0, 0, 4, 123.30
1563352703, 0, 524, 1110, 1002, 151, 3.78%, 0, 0, 4, 119.73
1563352713, 0, 524, 1111, 1003, 151, 3.78%, 0, 0, 4, 121.07
1563352729, 0, 524, 1112, 1004, 151, 3.78%, 0, 0, 4, 120.87
1563352734, 0, 524, 1113, 1005, 151, 3.78%, 0, 0, 4, 119.43
1563352765, 0, 524, 1115, 1007, 151, 3.80%, 0, 0, 4, 116.25
1563352770, 0, 532, 1115, 1006, 153, 3.80%, 0, 0, 4, 113.37
1563352775, 0, 532, 1116, 1007, 153, 3.80%, 0, 0, 4, 110.51
1563352780, 0, 533, 1117, 1007, 152, 3.80%, 0, 0, 4, 114.16
1563352785, 0, 536, 1117, 1006, 151, 3.80%, 0, 0, 4, 112.80
1563352796, 0, 537, 1117, 1005, 150, 3.80%, 0, 0, 4, 118.18
1563352801, 0, 541, 1120, 1007, 149, 3.80%, 0, 0, 4, 118.68
1563352806, 0, 541, 1121, 1008, 149, 3.80%, 0, 0, 4, 114.69
1563352811, 0, 541, 1122, 1009, 149, 3.80%, 0, 0, 4, 116.61
1563352816, 0, 541, 1124, 1011, 149, 3.80%, 0, 0, 4, 114.19
1563352821, 0, 541, 1126, 1013, 149, 3.81%, 0, 0, 4, 115.40
1563352831, 0, 541, 1127, 1014, 149, 3.85%, 0, 0, 4, 103.86
1563352841, 0, 541, 1128, 1015, 149, 3.85%, 0, 0, 4, 104.52
1563352846, 0, 541, 1129, 1016, 149, 3.85%, 0, 0, 4, 108.82
1563352851, 0, 541, 1130, 1017, 149, 3.85%, 0, 0, 4, 110.00
1563352861, 0, 541, 1133, 1020, 149, 3.85%, 0, 0, 4, 118.92
1563352866, 0, 544, 1134, 1020, 149, 3.85%, 0, 0, 4, 117.11
1563352871, 0, 544, 1136, 1022, 149, 3.85%, 0, 0, 4, 115.40
1563352881, 0, 544, 1137, 1023, 149, 3.85%, 0, 0, 4, 118.40
1563352892, 0, 544, 1138, 1024, 149, 3.85%, 0, 0, 4, 120.71
1563352897, 0, 544, 1140, 1026, 149, 3.85%, 0, 0, 4, 116.79
1563352902, 0, 544, 1142, 1028, 149, 3.85%, 0, 0, 4, 113.46
1563352943, 0, 557, 1142, 1027, 152, 3.85%, 0, 0, 4, 10.66
1563352948, 0, 557, 1147, 1032, 152, 3.85%, 0, 0, 4, 105.75
1563352953, 0, 557, 1149, 1034, 152, 3.86%, 0, 0, 4, 103.33
1563352958, 0, 557, 1151, 1036, 152, 3.86%, 0, 0, 4, 107.57
1563352964, 0, 557, 1153, 1038, 152, 3.86%, 0, 1, 4, 115.57
1563352969, 0, 557, 1154, 1039, 152, 3.87%, 0, 1, 4, 107.90
1563352979, 0, 557, 1155, 1040, 152, 3.87%, 0, 2, 4, 110.32
1563352989, 0, 557, 1156, 1041, 152, 3.87%, 0, 2, 4, 86.90
1563352999, 0, 557, 1157, 1042, 152, 3.90%, 0, 2, 4, 100.64
1563353009, 0, 557, 1160, 1045, 152, 3.90%, 0, 2, 4, 104.51
1563353014, 0, 557, 1161, 1046, 152, 3.90%, 0, 2, 4, 104.41
1563353019, 0, 557, 1164, 1049, 152, 3.94%, 0, 2, 4, 108.69
1563353024, 0, 557, 1165, 1050, 152, 3.94%, 0, 2, 4, 111.78
1563353030, 0, 557, 1167, 1052, 152, 3.94%, 0, 2, 4, 108.24
1563353035, 0, 557, 1173, 1058, 152, 3.94%, 0, 2, 4, 107.21
1563353040, 0, 557, 1175, 1060, 152, 3.94%, 0, 2, 4, 103.70
1563353045, 0, 563, 1183, 1067, 160, 4.00%, 0, 2, 4, 108.71
1563353055, 0, 587, 1183, 1066, 159, 4.00%, 0, 2, 4, 123.52
1563353060, 0, 602, 1183, 1065, 158, 4.00%, 0, 2, 4, 120.17
1563353065, 0, 602, 1184, 1066, 158, 4.01%, 0, 2, 4, 118.37
1563353070, 0, 619, 1184, 1065, 157, 4.01%, 0, 2, 4, 119.37
1563353075, 0, 642, 1184, 1064, 156, 4.01%, 0, 2, 4, 124.63
1563353081, 0, 649, 1187, 1066, 155, 4.01%, 0, 2, 4, 123.31
1563353086, 0, 649, 1188, 1067, 155, 4.01%, 0, 2, 4, 122.12
1563353091, 0, 649, 1189, 1068, 155, 4.01%, 0, 2, 4, 116.31
1563353096, 0, 649, 1191, 1070, 155, 4.01%, 0, 2, 4, 115.05
1563353106, 0, 649, 1192, 1071, 155, 4.01%, 0, 2, 4, 115.41
1563353158, 0, 650, 1195, 1073, 156, 4.01%, 0, 2, 4, 121.81
1563353163, 0, 658, 1196, 1073, 155, 4.01%, 0, 2, 4, 115.47
1563353168, 0, 659, 1197, 1073, 155, 4.01%, 0, 2, 4, 112.97
1563353173, 0, 665, 1197, 1072, 154, 4.01%, 0, 2, 4, 116.54
1563353178, 0, 666, 1198, 1072, 153, 4.01%, 0, 2, 4, 115.66
1563353183, 0, 668, 1198, 1071, 152, 4.01%, 0, 2, 4, 116.08
1563353188, 0, 668, 1200, 1073, 152, 4.01%, 0, 2, 4, 117.37
1563353194, 0, 673, 1200, 1072, 150, 4.01%, 0, 2, 4, 120.07
1563353199, 0, 674, 1203, 1074, 149, 4.01%, 0, 2, 4, 113.54
1563353204, 0, 674, 1206, 1077, 149, 4.01%, 0, 2, 4, 112.65
1563353209, 0, 674, 1209, 1080, 149, 4.01%, 0, 2, 4, 116.63
1563353214, 0, 674, 1214, 1085, 149, 4.01%, 0, 2, 4, 112.98
1563353219, 0, 674, 1220, 1091, 149, 4.01%, 0, 2, 4, 111.56
1563353224, 0, 674, 1221, 1092, 149, 4.01%, 0, 2, 4, 115.15
1563353229, 0, 674, 1222, 1093, 149, 4.01%, 0, 2, 4, 112.90
1563353239, 0, 674, 1224, 1095, 149, 4.01%, 0, 2, 4, 114.88
1563353244, 0, 674, 1225, 1096, 149, 4.01%, 0, 2, 4, 134.87
1563353250, 0, 674, 1226, 1097, 149, 4.01%, 0, 2, 4, 138.86
1563353260, 0, 679, 1226, 1096, 149, 4.01%, 0, 2, 4, 136.10
1563353265, 0, 680, 1229, 1098, 148, 4.01%, 0, 2, 4, 134.55
1563353270, 0, 680, 1230, 1099, 148, 4.02%, 0, 2, 4, 139.57
1563353280, 0, 680, 1232, 1101, 148, 4.02%, 0, 2, 4, 139.31
1563353311, 0, 681, 1236, 1104, 149, 4.02%, 0, 2, 4, 130.88
1563353317, 0, 681, 1239, 1107, 149, 4.04%, 0, 2, 4, 133.54
1563353322, 0, 682, 1239, 1106, 149, 4.04%, 0, 2, 4, 127.19
1563353327, 0, 686, 1241, 1107, 148, 4.04%, 0, 2, 4, 116.50
1563353332, 0, 692, 1242, 1107, 147, 4.04%, 0, 2, 4, 118.74
1563353337, 0, 692, 1243, 1108, 147, 4.04%, 0, 2, 4, 117.42
1563353342, 0, 695, 1244, 1108, 146, 4.04%, 0, 2, 4, 121.41
1563353347, 0, 697, 1245, 1108, 145, 4.04%, 0, 2, 4, 118.41
1563353353, 0, 697, 1246, 1109, 145, 4.04%, 0, 2, 4, 115.95
1563353358, 0, 697, 1247, 1110, 145, 4.04%, 0, 2, 4, 113.93
1563353363, 0, 697, 1250, 1113, 145, 4.04%, 0, 2, 4, 108.45
1563353373, 0, 697, 1252, 1115, 145, 4.04%, 0, 2, 4, 113.51
1563353388, 0, 697, 1253, 1116, 145, 4.04%, 0, 2, 4, 128.26
1563353393, 0, 697, 1254, 1117, 145, 4.04%, 0, 2, 4, 129.90
1563353404, 0, 697, 1255, 1118, 145, 4.04%, 0, 2, 4, 124.92
1563353409, 0, 697, 1256, 1119, 145, 4.04%, 0, 2, 4, 125.49
1563353424, 0, 699, 1258, 1120, 144, 4.04%, 0, 2, 4, 121.56
1563353429, 0, 700, 1262, 1123, 144, 4.06%, 0, 2, 4, 124.05
1563353434, 0, 700, 1271, 1132, 144, 4.07%, 0, 2, 4, 123.26
1563353439, 0, 700, 1275, 1136, 144, 4.10%, 0, 2, 4, 122.06
1563353444, 0, 700, 1278, 1139, 144, 4.10%, 0, 2, 4, 120.71
1563353449, 0, 700, 1279, 1140, 144, 4.10%, 0, 2, 4, 119.36
1563353454, 0, 700, 1282, 1143, 144, 4.10%, 0, 2, 4, 120.27
1563353459, 0, 700, 1285, 1146, 144, 4.11%, 0, 2, 4, 116.37
1563353464, 0, 700, 1286, 1147, 144, 4.11%, 0, 2, 4, 114.55
1563353474, 0, 700, 1287, 1148, 144, 4.11%, 0, 2, 4, 121.89
1563353484, 0, 700, 1288, 1149, 144, 4.11%, 0, 2, 4, 122.12
1563353494, 0, 700, 1290, 1151, 144, 4.11%, 0, 2, 4, 122.46
1563353500, 0, 700, 1291, 1152, 144, 4.14%, 0, 2, 4, 120.04
1563353505, 0, 702, 1292, 1152, 148, 4.14%, 0, 2, 4, 120.86
1563353510, 0, 702, 1293, 1153, 148, 4.14%, 0, 2, 4, 121.11
1563353515, 0, 708, 1294, 1153, 146, 4.14%, 0, 2, 4, 116.61
1563353520, 0, 708, 1295, 1154, 146, 4.14%, 0, 2, 4, 117.46
1563353525, 0, 710, 1295, 1153, 146, 4.14%, 0, 2, 4, 121.25
1563353530, 0, 711, 1296, 1153, 145, 4.14%, 0, 2, 4, 123.27
1563353535, 0, 711, 1298, 1155, 145, 4.14%, 0, 2, 4, 119.39
1563353565, 0, 712, 1298, 1154, 144, 4.14%, 0, 2, 4, 113.22
1563353575, 0, 714, 1300, 1155, 143, 4.14%, 0, 2, 4, 111.19
1563353581, 0, 714, 1301, 1156, 143, 4.14%, 0, 2, 4, 113.46
1563353586, 0, 714, 1310, 1165, 143, 4.14%, 0, 2, 4, 110.42
1563353591, 0, 714, 1313, 1168, 143, 4.14%, 0, 2, 4, 113.03
1563353596, 0, 718, 1313, 1167, 142, 4.14%, 0, 2, 4, 112.94
1563353606, 0, 719, 1315, 1168, 141, 4.14%, 0, 2, 4, 105.82
1563353616, 0, 724, 1321, 1173, 140, 4.14%, 0, 2, 4, 80.22
1563353622, 0, 724, 1323, 1175, 140, 4.14%, 0, 2, 4, 103.51
1563353627, 0, 724, 1324, 1176, 140, 4.14%, 0, 2, 4, 108.49
1563353632, 0, 724, 1327, 1179, 140, 4.16%, 0, 2, 4, 105.99
1563353637, 0, 724, 1328, 1180, 140, 4.16%, 0, 2, 4, 109.24
1563353642, 0, 724, 1330, 1182, 140, 4.16%, 0, 2, 4, 107.74
1563353647, 0, 724, 1331, 1183, 140, 4.16%, 0, 2, 4, 110.05
1563353652, 0, 724, 1333, 1185, 140, 4.16%, 0, 2, 4, 110.39
1563353657, 0, 724, 1334, 1186, 140, 4.16%, 0, 2, 4, 109.18
1563353667, 0, 724, 1335, 1187, 140, 4.16%, 0, 2, 4, 109.89
1563353688, 0, 724, 1336, 1188, 140, 4.16%, 0, 2, 4, 105.03
1563353693, 0, 724, 1337, 1189, 140, 4.16%, 0, 2, 4, 103.24
1563353698, 0, 726, 1338, 1189, 143, 4.16%, 0, 2, 4, 107.86
1563353703, 0, 726, 1339, 1190, 143, 4.16%, 0, 2, 4, 109.03
1563353708, 0, 726, 1340, 1191, 143, 4.16%, 0, 2, 4, 111.08
1563353723, 0, 734, 1341, 1191, 142, 4.16%, 0, 2, 4, 104.18
1563353728, 0, 734, 1344, 1194, 142, 4.17%, 0, 2, 4, 107.41
1563353733, 0, 737, 1346, 1195, 142, 4.18%, 0, 2, 4, 102.35
1563353738, 0, 737, 1349, 1198, 142, 4.19%, 0, 2, 4, 104.10
1563353743, 0, 737, 1350, 1199, 142, 4.19%, 0, 2, 4, 106.71
1563353748, 0, 737, 1351, 1200, 142, 4.20%, 0, 2, 4, 105.60
1563353759, 0, 737, 1352, 1201, 142, 4.21%, 0, 2, 4, 107.26
1563353764, 0, 737, 1353, 1202, 142, 4.21%, 0, 2, 4, 108.50
1563353779, 0, 737, 1355, 1204, 142, 4.21%, 0, 2, 4, 105.52
1563353784, 0, 737, 1357, 1206, 142, 4.21%, 0, 2, 4, 101.04
1563353789, 0, 737, 1358, 1207, 142, 4.21%, 0, 2, 4, 103.62
1563353794, 0, 737, 1359, 1208, 142, 4.22%, 0, 2, 4, 103.19
1563353799, 0, 737, 1360, 1209, 142, 4.22%, 0, 2, 4, 104.31
1563353814, 0, 737, 1361, 1210, 142, 4.22%, 0, 2, 4, 104.66
1563353819, 0, 741, 1361, 1209, 148, 4.22%, 0, 2, 4, 109.63
1563353824, 0, 745, 1362, 1209, 147, 4.22%, 0, 2, 4, 109.57
1563353839, 0, 755, 1362, 1208, 146, 4.22%, 0, 2, 4, 107.94
1563353850, 0, 763, 1363, 1208, 145, 4.22%, 0, 2, 4, 114.08
1563353855, 0, 763, 1364, 1209, 145, 4.22%, 0, 2, 4, 113.36
1563353860, 0, 763, 1365, 1210, 145, 4.22%, 0, 2, 4, 112.76
1563353870, 0, 764, 1365, 1209, 144, 4.22%, 0, 2, 4, 117.46
1563353875, 0, 764, 1366, 1210, 144, 4.22%, 0, 2, 4, 117.08
1563353880, 0, 768, 1366, 1209, 143, 4.22%, 0, 2, 4, 108.46
1563353886, 0, 768, 1367, 1210, 143, 4.22%, 0, 2, 4, 110.80
1563353891, 0, 771, 1368, 1210, 142, 4.22%, 0, 2, 4, 112.28
1563353901, 0, 773, 1371, 1212, 141, 4.22%, 0, 2, 4, 115.84
1563353906, 0, 773, 1372, 1213, 141, 4.22%, 0, 2, 4, 110.45
1563353916, 0, 773, 1373, 1214, 141, 4.22%, 0, 2, 4, 108.29
1563353962, 0, 782, 1374, 1214, 140, 4.22%, 0, 2, 4, 125.24
1563353967, 0, 782, 1378, 1218, 140, 4.22%, 0, 2, 4, 122.07
1563353972, 0, 782, 1381, 1221, 140, 4.22%, 0, 2, 4, 123.30
1563353977, 0, 782, 1381, 1220, 140, 4.22%, 0, 2, 4, 115.66
1563353982, 0, 801, 1381, 1220, 140, 4.22%, 0, 2, 4, 110.88
1563353987, 0, 802, 1381, 1219, 139, 4.22%, 0, 2, 4, 111.97
1563353992, 0, 802, 1382, 1220, 139, 4.22%, 0, 2, 4, 114.24
1563353998, 0, 803, 1382, 1219, 138, 4.22%, 0, 2, 4, 112.36
1563354003, 0, 805, 1382, 1218, 137, 4.22%, 0, 2, 4, 109.09
1563354013, 0, 812, 1382, 1217, 136, 4.22%, 0, 2, 4, 116.07
1563354018, 0, 814, 1382, 1216, 135, 4.22%, 0, 2, 4, 109.12
1563354029, 0, 816, 1388, 1221, 134, 4.22%, 0, 2, 4, 111.90
1563354034, 0, 816, 1393, 1226, 134, 4.22%, 0, 2, 4, 109.93
1563354039, 0, 816, 1396, 1229, 134, 4.22%, 0, 2, 4, 113.69
1563354059, 0, 816, 1398, 1231, 134, 4.22%, 0, 2, 4, 122.63
1563354064, 0, 816, 1399, 1232, 134, 4.22%, 0, 2, 4, 117.87
1563354069, 0, 816, 1400, 1233, 134, 4.22%, 0, 2, 4, 111.21
1563354089, 0, 819, 1401, 1233, 134, 4.23%, 0, 2, 4, 111.32
1563354094, 0, 819, 1404, 1236, 134, 4.23%, 0, 2, 4, 116.01
1563354100, 0, 819, 1405, 1237, 134, 4.23%, 0, 2, 4, 113.88
1563354105, 0, 819, 1406, 1238, 134, 4.23%, 0, 2, 4, 111.52
1563354110, 0, 819, 1407, 1239, 134, 4.23%, 0, 2, 4, 112.12
1563354115, 0, 819, 1408, 1240, 134, 4.24%, 0, 2, 4, 108.49
1563354120, 0, 819, 1409, 1241, 134, 4.24%, 0, 2, 4, 113.42
1563354125, 0, 819, 1411, 1243, 134, 4.25%, 0, 2, 4, 115.90
1563354140, 0, 819, 1413, 1245, 134, 4.25%, 0, 2, 4, 116.53
1563354156, 0, 819, 1414, 1246, 134, 4.25%, 0, 2, 4, 111.50
1563354161, 0, 819, 1415, 1247, 134, 4.26%, 0, 2, 4, 112.08
1563354166, 0, 826, 1417, 1248, 139, 4.26%, 0, 2, 4, 109.52
1563354171, 0, 828, 1418, 1248, 138, 4.26%, 0, 2, 4, 110.05
1563354181, 0, 843, 1421, 1250, 137, 4.26%, 0, 2, 4, 112.93
1563354186, 0, 847, 1422, 1250, 136, 4.26%, 0, 2, 4, 111.13
1563354192, 0, 860, 1422, 1249, 136, 4.26%, 0, 2, 4, 106.08
1563354197, 0, 860, 1425, 1252, 136, 4.27%, 0, 2, 4, 113.69
1563354202, 0, 865, 1431, 1257, 135, 4.28%, 0, 2, 4, 114.23
1563354207, 0, 865, 1438, 1264, 135, 4.30%, 0, 2, 4, 115.46
1563354212, 0, 865, 1445, 1271, 135, 4.31%, 0, 2, 4, 111.06
1563354218, 0, 865, 1446, 1272, 135, 4.32%, 0, 2, 4, 116.13
1563354228, 0, 865, 1448, 1274, 135, 4.33%, 0, 2, 4, 120.28
1563354233, 0, 865, 1450, 1276, 135, 4.33%, 0, 2, 4, 119.43
1563354238, 0, 865, 1451, 1277, 135, 4.33%, 0, 2, 4, 116.81
1563354243, 0, 865, 1455, 1281, 135, 4.33%, 0, 2, 4, 116.32
1563354253, 0, 865, 1457, 1283, 135, 4.33%, 0, 2, 4, 108.18
1563354258, 0, 865, 1458, 1284, 135, 4.33%, 0, 2, 4, 108.39
1563354269, 0, 865, 1459, 1285, 135, 4.34%, 0, 2, 4, 110.16
1563354279, 0, 867, 1460, 1285, 148, 4.34%, 0, 2, 4, 112.11
1563354284, 0, 867, 1463, 1288, 148, 4.34%, 0, 2, 4, 110.59
1563354289, 0, 867, 1472, 1297, 148, 4.35%, 0, 2, 4, 110.39
1563354294, 0, 867, 1477, 1302, 148, 4.38%, 0, 2, 4, 114.58
1563354299, 0, 871, 1480, 1304, 153, 4.38%, 0, 2, 4, 114.94
1563354304, 0, 871, 1481, 1305, 153, 4.38%, 0, 2, 4, 112.01
1563354309, 0, 875, 1482, 1305, 153, 4.38%, 0, 2, 4, 114.42
1563354319, 0, 880, 1482, 1304, 152, 4.38%, 0, 2, 4, 115.64
1563354325, 0, 881, 1482, 1303, 151, 4.38%, 0, 2, 4, 105.72
1563354335, 0, 893, 1484, 1304, 150, 4.38%, 0, 2, 4, 108.64
1563354355, 0, 899, 1485, 1304, 150, 4.38%, 0, 2, 4, 114.45
1563354360, 0, 904, 1485, 1303, 149, 4.38%, 0, 2, 4, 115.90
1563354371, 0, 911, 1485, 1302, 149, 4.38%, 0, 2, 4, 113.71
1563354376, 0, 911, 1486, 1303, 149, 4.38%, 0, 2, 4, 108.47
1563354381, 0, 911, 1489, 1306, 149, 4.38%, 0, 2, 4, 103.11
1563354386, 0, 911, 1490, 1307, 149, 4.38%, 0, 2, 4, 106.86
1563354391, 0, 918, 1490, 1306, 148, 4.38%, 0, 2, 4, 106.21
1563354401, 0, 920, 1490, 1305, 147, 4.38%, 0, 2, 4, 108.40
