# unix_time, cycles_done, cur_path, paths_total, pending_total, pending_favs, map_size, unique_crashes, unique_hangs, max_depth, execs_per_sec
1562841094, 0, 0, 1, 1, 1, 1.91%, 0, 0, 1, 666.67
1562841100, 3, 0, 1, 1, 1, 1.91%, 0, 0, 1, 0.00
1562841109, 3, 3, 20, 20, 14, 1.97%, 0, 0, 1, 11.01
1562841115, 3, 6, 24, 24, 14, 1.97%, 0, 0, 1, 10.77
1562841121, 3, 9, 29, 29, 15, 2.00%, 0, 0, 1, 10.56
1562841127, 3, 12, 34, 34, 19, 2.01%, 0, 0, 1, 10.37
1562841133, 3, 15, 40, 40, 20, 2.01%, 0, 0, 1, 10.29
1562841139, 3, 18, 46, 46, 21, 2.02%, 0, 0, 1, 10.23
1562841145, 3, 21, 48, 48, 21, 2.02%, 0, 0, 1, 9.78
1562841151, 3, 24, 49, 49, 20, 2.02%, 0, 0, 1, 1.50
1562841157, 3, 27, 51, 51, 20, 2.02%, 0, 0, 1, 1.60
1562841163, 3, 30, 53, 53, 20, 2.03%, 0, 0, 1, 1.69
1562841187, 3, 42, 55, 55, 21, 2.03%, 0, 0, 1, 1.65
1562841193, 3, 45, 57, 57, 21, 2.04%, 0, 0, 1, 1.73
1562841213, 3, 55, 57, 57, 22, 2.04%, 0, 0, 1, 1.65
1562841233, 4, 8, 58, 58, 22, 2.04%, 0, 0, 1, 0.06
1562841239, 4, 11, 60, 60, 22, 2.05%, 0, 0, 1, 3.13
1562841307, 4, 45, 62, 62, 23, 2.06%, 0, 0, 1, 0.26
1562841313, 4, 48, 63, 63, 23, 2.06%, 0, 0, 1, 1.66
1562841341, 5, 0, 63, 63, 24, 2.06%, 0, 0, 1, 0.29
1562841365, 5, 11, 63, 63, 24, 2.06%, 0, 0, 1, 0.04
1562841417, 5, 37, 64, 64, 24, 2.06%, 0, 0, 1, 0.05
1562841423, 5, 40, 65, 65, 24, 2.06%, 0, 0, 1, 1.49
1562841472, 5, 64, 67, 67, 24, 2.06%, 0, 0, 1, 1.42
1562841490, 6, 6, 67, 67, 24, 2.06%, 0, 0, 1, 0.07
1562841522, 6, 22, 67, 67, 24, 2.06%, 0, 0, 1, 0.07
1562841610, 7, 0, 67, 67, 24, 2.06%, 0, 0, 1, 0.00
1562841640, 7, 14, 68, 68, 24, 2.06%, 0, 0, 1, 0.03
1562841646, 7, 17, 69, 69, 24, 2.06%, 0, 0, 1, 1.50
1562841680, 7, 34, 69, 69, 24, 2.06%, 0, 0, 1, 0.26
1562841718, 7, 53, 70, 70, 24, 2.06%, 0, 0, 1, 0.05
1562841724, 7, 56, 71, 71, 24, 2.07%, 0, 0, 1, 1.49
1562841730, 7, 59, 72, 72, 25, 2.07%, 0, 0, 1, 1.49
1562841748, 7, 68, 72, 72, 25, 2.07%, 0, 0, 1, 1.43
1562841754, 8, 0, 72, 72, 25, 2.07%, 0, 0, 1, 1.36
1562841766, 8, 5, 72, 72, 25, 2.07%, 0, 0, 1, 0.08
1562841772, 8, 8, 72, 72, 25, 2.07%, 0, 0, 1, 0.50
1562841796, 8, 20, 72, 72, 25, 2.07%, 0, 0, 1, 0.04
1562841802, 8, 23, 72, 72, 25, 2.07%, 0, 0, 1, 0.05
1562841814, 8, 29, 72, 72, 25, 2.07%, 0, 0, 1, 0.05
1562841820, 8, 32, 72, 72, 25, 2.07%, 0, 0, 1, 0.33
1562841846, 8, 45, 72, 72, 25, 2.07%, 0, 0, 1, 0.04
1562841852, 8, 48, 72, 72, 25, 2.07%, 0, 0, 1, 5.13
1562841898, 9, 0, 72, 72, 25, 2.07%, 0, 0, 1, 0.20
1562842043, 10, 0, 72, 72, 25, 2.07%, 0, 0, 1, 0.00
1562842139, 10, 47, 73, 73, 25, 2.07%, 0, 0, 1, 0.01
1562842189, 11, 0, 73, 73, 25, 2.07%, 0, 0, 1, 0.16
1562842195, 11, 2, 73, 73, 25, 2.07%, 0, 0, 1, 0.16
1562842281, 11, 45, 74, 74, 25, 2.07%, 0, 0, 1, 0.01
1562842287, 11, 48, 75, 75, 26, 2.07%, 0, 0, 1, 1.50
1562842299, 11, 54, 76, 76, 26, 2.07%, 0, 0, 1, 1.45
1562842305, 11, 57, 79, 79, 27, 2.07%, 0, 0, 1, 1.64
1562842347, 12, 0, 79, 79, 27, 2.07%, 0, 0, 1, 0.19
1562842375, 12, 13, 80, 80, 27, 2.07%, 0, 0, 1, 0.20
1562842381, 12, 16, 81, 81, 27, 2.07%, 0, 0, 1, 1.50
1562842509, 13, 0, 81, 81, 27, 2.07%, 0, 0, 1, 0.06
1562842555, 13, 22, 81, 81, 27, 2.07%, 0, 0, 1, 0.06
1562842573, 13, 31, 81, 81, 27, 2.07%, 0, 0, 1, 0.44
1562842607, 13, 48, 82, 82, 27, 2.07%, 0, 0, 1, 0.06
1562842637, 13, 63, 82, 82, 27, 2.07%, 0, 0, 1, 0.30
1562842657, 13, 73, 83, 83, 27, 2.07%, 0, 0, 1, 0.05
1562842675, 14, 0, 83, 83, 27, 2.07%, 0, 0, 1, 0.44
1562842691, 14, 7, 84, 84, 27, 2.07%, 0, 0, 1, 0.06
1562842711, 14, 17, 84, 84, 27, 2.07%, 0, 0, 1, 0.45
1562842723, 14, 23, 85, 85, 27, 2.07%, 0, 0, 1, 0.43
1562842775, 14, 49, 87, 87, 27, 2.07%, 0, 0, 1, 0.44
1562842849, 15, 0, 87, 87, 27, 2.07%, 0, 0, 1, 0.03
1562843023, 16, 0, 87, 87, 27, 2.07%, 0, 0, 1, 0.00
1562843043, 16, 9, 88, 88, 27, 2.08%, 0, 0, 1, 0.05
1562843049, 16, 12, 95, 95, 30, 2.10%, 0, 0, 1, 10.43
1562843073, 16, 24, 96, 96, 31, 2.10%, 0, 0, 1, 0.66
1562843108, 16, 41, 96, 96, 31, 2.10%, 0, 0, 1, 0.64
1562843136, 16, 55, 96, 96, 31, 2.10%, 0, 0, 1, 0.04
1562843164, 16, 69, 97, 97, 31, 2.10%, 0, 0, 1, 0.04
1562843182, 16, 78, 98, 98, 31, 2.10%, 0, 0, 1, 0.50
1562843194, 16, 84, 99, 99, 31, 2.10%, 0, 0, 1, 0.51
1562843206, 16, 90, 99, 99, 31, 2.10%, 0, 0, 1, 0.53
1562843220, 16, 97, 99, 99, 31, 2.10%, 0, 0, 1, 0.57
1562843226, 17, 1, 100, 100, 31, 2.11%, 0, 0, 1, 0.58
1562843288, 17, 32, 101, 101, 32, 2.11%, 0, 0, 1, 0.55
1562843300, 17, 38, 102, 102, 33, 2.11%, 0, 0, 1, 0.56
1562843306, 17, 41, 105, 105, 33, 2.12%, 0, 0, 1, 4.44
1562843318, 17, 47, 105, 105, 34, 2.12%, 0, 0, 1, 0.75
1562843432, 18, 0, 105, 105, 34, 2.12%, 0, 0, 1, 0.04
1562843508, 18, 37, 106, 106, 34, 2.14%, 0, 0, 1, 0.03
1562843514, 18, 40, 107, 107, 35, 2.14%, 0, 0, 1, 1.49
1562843584, 18, 75, 108, 108, 36, 2.14%, 0, 0, 1, 0.26
1562843648, 19, 0, 108, 108, 36, 2.14%, 0, 0, 1, 0.03
1562843698, 19, 24, 108, 108, 36, 2.14%, 0, 0, 1, 0.03
1562843788, 19, 69, 109, 109, 36, 2.14%, 0, 0, 1, 0.03
1562843794, 19, 72, 110, 110, 36, 2.14%, 0, 0, 1, 1.49
1562843855, 19, 102, 110, 110, 36, 2.14%, 0, 0, 1, 0.15
1562843869, 20, 0, 110, 110, 36, 2.14%, 0, 0, 1, 0.14
1562844089, 21, 0, 110, 110, 36, 2.14%, 0, 0, 1, 0.00
1562844309, 22, 0, 110, 110, 36, 2.14%, 0, 0, 1, 0.00
1562844323, 22, 6, 110, 110, 36, 2.14%, 0, 0, 1, 0.07
1562844529, 23, 0, 110, 110, 36, 2.14%, 0, 0, 1, 0.00
1562844750, 24, 0, 110, 110, 36, 2.14%, 0, 0, 1, 0.00
1562844780, 24, 14, 111, 111, 36, 2.14%, 0, 0, 1, 0.03
1562844844, 24, 46, 111, 111, 36, 2.14%, 0, 0, 1, 0.04
1562844972, 25, 0, 111, 111, 36, 2.14%, 0, 0, 1, 0.00
1562844994, 25, 10, 111, 111, 36, 2.14%, 0, 0, 1, 0.05
1562845194, 26, 0, 111, 111, 36, 2.14%, 0, 0, 1, 0.00
1562845264, 26, 34, 112, 112, 37, 2.14%, 0, 0, 1, 0.24
1562845276, 26, 40, 113, 113, 37, 2.15%, 0, 0, 1, 0.23
1562845282, 26, 43, 113, 113, 37, 2.15%, 0, 0, 1, 1.49
1562845300, 26, 52, 113, 113, 37, 2.15%, 0, 0, 1, 0.06
1562845350, 26, 77, 113, 113, 37, 2.15%, 0, 0, 1, 0.05
1562845370, 26, 87, 114, 114, 37, 2.15%, 0, 0, 1, 0.05
1562845408, 26, 106, 114, 114, 37, 2.15%, 0, 0, 1, 0.06
1562845422, 27, 0, 114, 114, 37, 2.15%, 0, 0, 1, 0.00
1562845444, 27, 10, 114, 114, 37, 2.15%, 0, 0, 1, 0.05
1562845650, 28, 0, 114, 114, 37, 2.15%, 0, 0, 1, 0.00
1562845866, 28, 107, 115, 115, 37, 2.15%, 0, 0, 1, 0.00
1562845880, 29, 0, 115, 115, 38, 2.15%, 0, 0, 1, 0.57
1562845908, 29, 13, 115, 115, 38, 2.15%, 0, 0, 1, 0.04
1562845934, 29, 26, 115, 115, 38, 2.15%, 0, 0, 1, 0.04
1562846030, 29, 74, 115, 115, 38, 2.15%, 0, 0, 1, 0.03
1562846110, 30, 0, 115, 115, 38, 2.15%, 0, 0, 1, 0.00
1562846122, 30, 5, 116, 116, 38, 2.15%, 0, 0, 1, 0.08
1562846158, 30, 23, 116, 116, 39, 2.15%, 0, 0, 1, 0.09
1562846189, 30, 38, 116, 116, 39, 2.15%, 0, 0, 1, 0.09
1562846261, 30, 74, 117, 117, 39, 2.15%, 0, 0, 1, 0.01
1562846287, 30, 87, 117, 117, 39, 2.15%, 0, 0, 1, 0.35
1562846345, 31, 0, 117, 117, 39, 2.15%, 0, 0, 1, 0.00
1562846579, 32, 0, 117, 117, 39, 2.15%, 0, 0, 1, 0.00
1562846813, 33, 0, 117, 117, 39, 2.15%, 0, 0, 1, 0.00
1562846857, 33, 21, 118, 118, 39, 2.15%, 0, 0, 1, 0.02
1562846971, 33, 78, 118, 118, 39, 2.15%, 0, 0, 1, 0.03
1562847049, 34, 0, 118, 118, 39, 2.15%, 0, 0, 1, 0.00
1562847284, 34, 116, 118, 118, 39, 2.15%, 0, 0, 1, 0.00
1562847492, 35, 102, 119, 119, 39, 2.15%, 0, 0, 1, 0.00
1562847498, 35, 105, 120, 120, 40, 2.16%, 0, 0, 1, 1.49
1562847526, 36, 0, 120, 120, 41, 2.16%, 0, 0, 1, 0.29
1562847562, 36, 17, 120, 120, 41, 2.16%, 0, 0, 1, 0.03
1562847646, 36, 59, 120, 120, 41, 2.16%, 0, 0, 1, 0.03
1562847766, 37, 0, 120, 120, 41, 2.16%, 0, 0, 1, 0.03
1562847812, 37, 22, 121, 121, 41, 2.16%, 0, 0, 1, 0.03
1562847870, 37, 51, 121, 121, 42, 2.16%, 0, 0, 1, 0.16
1562847901, 37, 66, 121, 121, 42, 2.16%, 0, 0, 1, 0.15
1562847949, 37, 90, 121, 121, 42, 2.16%, 0, 0, 1, 0.02
1562848009, 38, 0, 121, 121, 42, 2.16%, 0, 0, 1, 0.00
1562848051, 38, 20, 122, 122, 42, 2.17%, 0, 0, 1, 0.02
1562848083, 38, 36, 122, 122, 43, 2.17%, 0, 0, 1, 0.28
1562848089, 38, 39, 122, 122, 43, 2.17%, 0, 0, 1, 0.27
1562848095, 38, 42, 123, 123, 43, 2.17%, 0, 0, 1, 0.27
1562848101, 38, 45, 124, 124, 44, 2.17%, 0, 0, 1, 1.50
1562848113, 38, 51, 124, 124, 44, 2.17%, 0, 0, 1, 1.45
1562848125, 38, 57, 125, 125, 44, 2.17%, 0, 0, 1, 0.08
1562848145, 38, 67, 125, 125, 44, 2.17%, 0, 0, 1, 0.45
1562848151, 38, 70, 125, 125, 44, 2.17%, 0, 0, 1, 0.47
1562848183, 38, 86, 126, 126, 44, 2.17%, 0, 0, 1, 0.03
1562848209, 38, 99, 126, 126, 44, 2.17%, 0, 0, 1, 0.35
1562848215, 38, 102, 126, 126, 44, 2.17%, 0, 0, 1, 0.33
1562848261, 39, 0, 126, 126, 44, 2.17%, 0, 0, 1, 0.00
1562848513, 40, 0, 126, 126, 44, 2.17%, 0, 0, 1, 0.00
1562848765, 41, 0, 126, 126, 44, 2.17%, 0, 0, 1, 0.00
1562849018, 42, 0, 126, 126, 44, 2.17%, 0, 0, 1, 0.00
1562849270, 43, 0, 126, 126, 44, 2.17%, 0, 0, 1, 0.00
1562849522, 44, 0, 126, 126, 44, 2.17%, 0, 0, 1, 0.00
1562849775, 45, 0, 126, 126, 44, 2.17%, 0, 0, 1, 0.00
1562849931, 45, 77, 127, 127, 44, 2.17%, 0, 0, 1, 0.01
1562849943, 45, 83, 127, 127, 44, 2.17%, 0, 0, 1, 0.75
1562850029, 46, 0, 127, 127, 44, 2.17%, 0, 0, 1, 0.00
1562850147, 46, 58, 127, 127, 44, 2.17%, 0, 0, 1, 0.01
1562850283, 47, 0, 127, 127, 44, 2.17%, 0, 0, 1, 0.00
1562850537, 48, 0, 127, 127, 44, 2.17%, 0, 0, 1, 0.00
1562850791, 49, 0, 127, 127, 44, 2.17%, 0, 0, 1, 0.00
1562851046, 50, 0, 127, 127, 44, 2.17%, 0, 0, 1, 0.00
1562851300, 51, 0, 127, 127, 44, 2.17%, 0, 0, 1, 0.00
1562851554, 52, 0, 127, 127, 44, 2.17%, 0, 0, 1, 0.00
1562851808, 53, 0, 127, 127, 44, 2.17%, 0, 0, 1, 0.00
1562852062, 54, 0, 127, 127, 44, 2.17%, 0, 0, 1, 0.00
1562852148, 54, 42, 128, 128, 44, 2.17%, 0, 0, 1, 0.01
1562852154, 54, 45, 128, 128, 44, 2.17%, 0, 0, 1, 1.50
1562852202, 54, 69, 128, 128, 44, 2.17%, 0, 0, 1, 0.02
1562852318, 55, 0, 128, 128, 44, 2.17%, 0, 0, 1, 0.00
1562852574, 56, 0, 128, 128, 44, 2.17%, 0, 0, 1, 0.00
1562852639, 56, 31, 130, 130, 46, 2.18%, 0, 0, 1, 0.48
1562852693, 56, 58, 130, 130, 46, 2.18%, 0, 0, 1, 0.02
1562852835, 57, 0, 130, 130, 46, 2.18%, 0, 0, 1, 0.00
1562853095, 58, 0, 130, 130, 46, 2.18%, 0, 0, 1, 0.00
1562853139, 58, 21, 131, 131, 46, 2.19%, 0, 0, 1, 0.02
1562853171, 58, 37, 131, 131, 44, 2.19%, 0, 0, 1, 0.28
1562853189, 58, 46, 131, 131, 44, 2.19%, 0, 0, 1, 0.06
1562853357, 59, 0, 131, 131, 44, 2.19%, 0, 0, 1, 0.00
1562853619, 60, 0, 131, 131, 44, 2.19%, 0, 0, 1, 0.00
1562853663, 60, 21, 132, 132, 44, 2.19%, 0, 0, 1, 0.02
1562853669, 60, 24, 132, 132, 44, 2.19%, 0, 0, 1, 1.49
1562853883, 61, 0, 132, 132, 44, 2.19%, 0, 0, 1, 0.00
1562854143, 61, 129, 132, 132, 44, 2.19%, 0, 0, 1, 0.00
1562854201, 62, 26, 132, 132, 44, 2.19%, 0, 0, 1, 0.02
1562854313, 62, 82, 133, 133, 44, 2.19%, 0, 0, 1, 0.02
1562854371, 62, 111, 133, 133, 44, 2.19%, 0, 0, 1, 0.16
1562854413, 63, 0, 133, 133, 44, 2.19%, 0, 0, 1, 0.00
1562854680, 64, 0, 133, 133, 44, 2.19%, 0, 0, 1, 0.00
1562854696, 64, 7, 134, 134, 44, 2.19%, 0, 0, 1, 0.06
1562854702, 64, 10, 135, 135, 44, 2.19%, 0, 0, 1, 1.49
1562854778, 64, 48, 135, 135, 44, 2.19%, 0, 0, 1, 0.13
1562854838, 64, 78, 135, 135, 44, 2.19%, 0, 0, 1, 0.02
1562854950, 65, 0, 135, 135, 44, 2.19%, 0, 0, 1, 0.02
1562855221, 66, 0, 135, 135, 44, 2.19%, 0, 0, 1, 0.00
1562855491, 67, 0, 135, 135, 44, 2.19%, 0, 0, 1, 0.00
1562855761, 68, 0, 135, 135, 44, 2.19%, 0, 0, 1, 0.00
1562856031, 69, 0, 135, 135, 44, 2.19%, 0, 0, 1, 0.00
1562856301, 70, 0, 135, 135, 44, 2.19%, 0, 0, 1, 0.00
1562856571, 71, 0, 135, 135, 44, 2.19%, 0, 0, 1, 0.00
1562856841, 72, 0, 135, 135, 44, 2.19%, 0, 0, 1, 0.00
1562857112, 73, 0, 135, 135, 44, 2.19%, 0, 0, 1, 0.00
1562857382, 74, 0, 135, 135, 44, 2.19%, 0, 0, 1, 0.00
1562857652, 75, 0, 135, 135, 44, 2.19%, 0, 0, 1, 0.00
1562857802, 75, 74, 136, 136, 44, 2.19%, 0, 0, 1, 0.01
1562857851, 75, 98, 136, 136, 44, 2.19%, 0, 0, 1, 0.19
1562857925, 76, 0, 136, 136, 44, 2.19%, 0, 0, 1, 0.00
1562858015, 76, 44, 136, 136, 44, 2.19%, 0, 0, 1, 0.01
1562858197, 77, 0, 136, 136, 44, 2.19%, 0, 0, 1, 0.00
1562858469, 78, 0, 136, 136, 44, 2.19%, 0, 0, 1, 0.00
1562858599, 78, 64, 137, 137, 44, 2.19%, 0, 0, 1, 0.01
1562858655, 78, 92, 137, 137, 45, 2.19%, 0, 0, 1, 0.16
1562858744, 79, 0, 137, 137, 45, 2.19%, 0, 0, 1, 0.00
1562859018, 80, 0, 137, 137, 45, 2.19%, 0, 0, 1, 0.00
1562859292, 81, 0, 137, 137, 45, 2.19%, 0, 0, 1, 0.00
1562859567, 82, 0, 137, 137, 45, 2.19%, 0, 0, 1, 0.00
1562859803, 82, 117, 138, 138, 45, 2.19%, 0, 0, 1, 0.00
1562859843, 83, 0, 138, 138, 45, 2.19%, 0, 0, 1, 0.20
1562859861, 83, 8, 138, 138, 45, 2.19%, 0, 0, 1, 0.19
1562859909, 83, 32, 138, 138, 45, 2.19%, 0, 0, 1, 0.02
1562860119, 84, 0, 138, 138, 45, 2.19%, 0, 0, 1, 0.00
1562860396, 85, 0, 138, 138, 45, 2.19%, 0, 0, 1, 0.00
1562860672, 86, 0, 138, 138, 45, 2.19%, 0, 0, 1, 0.00
1562860948, 87, 0, 138, 138, 45, 2.19%, 0, 0, 1, 0.00
1562861224, 88, 0, 138, 138, 45, 2.19%, 0, 0, 1, 0.00
1562861501, 89, 0, 138, 138, 45, 2.19%, 0, 0, 1, 0.00
1562861777, 90, 0, 138, 138, 45, 2.19%, 0, 0, 1, 0.00
1562861887, 90, 54, 139, 139, 45, 2.19%, 0, 0, 1, 0.01
1562861953, 90, 87, 139, 139, 45, 2.19%, 0, 0, 1, 0.14
1562861965, 90, 93, 139, 139, 45, 2.19%, 0, 0, 1, 0.13
1562862055, 91, 0, 139, 139, 45, 2.19%, 0, 0, 1, 0.00
1562862334, 92, 0, 139, 139, 45, 2.19%, 0, 0, 1, 0.00
1562862612, 93, 0, 139, 139, 45, 2.19%, 0, 0, 1, 0.00
1562862836, 93, 111, 140, 140, 45, 2.19%, 0, 0, 1, 0.00
1562862893, 94, 0, 140, 140, 45, 2.19%, 0, 0, 1, 0.14
1562862931, 94, 18, 140, 140, 45, 2.19%, 0, 0, 1, 0.03
1562863173, 95, 0, 140, 140, 45, 2.19%, 0, 0, 1, 0.00
1562863387, 95, 106, 140, 140, 45, 2.19%, 0, 0, 1, 0.00
1562863453, 96, 0, 140, 140, 45, 2.19%, 0, 0, 1, 0.00
1562863729, 96, 137, 141, 141, 45, 2.20%, 0, 0, 1, 0.00
1562863736, 97, 0, 141, 141, 46, 2.20%, 0, 0, 1, 1.33
1562863786, 97, 24, 141, 141, 46, 2.20%, 0, 0, 1, 0.02
1562863972, 97, 117, 141, 141, 46, 2.20%, 0, 0, 1, 0.02
1562864010, 97, 136, 142, 142, 46, 2.20%, 0, 0, 1, 0.02
1562864020, 98, 0, 142, 142, 46, 2.20%, 0, 0, 1, 0.80
1562864148, 98, 63, 142, 142, 46, 2.20%, 0, 0, 1, 0.01
1562864304, 99, 0, 142, 142, 46, 2.20%, 0, 0, 1, 0.00
1562864572, 99, 133, 142, 142, 46, 2.20%, 0, 0, 1, 0.00
1562864588, 100, 0, 142, 142, 46, 2.20%, 0, 0, 1, 0.00
1562864872, 101, 0, 142, 142, 46, 2.20%, 0, 0, 1, 0.00
1562865156, 102, 0, 142, 142, 46, 2.20%, 0, 0, 1, 0.00
1562865441, 103, 0, 142, 142, 46, 2.20%, 0, 0, 1, 0.00
1562865725, 104, 0, 142, 142, 46, 2.20%, 0, 0, 1, 0.00
1562866009, 105, 0, 142, 142, 46, 2.20%, 0, 0, 1, 0.00
1562866293, 106, 0, 142, 142, 46, 2.20%, 0, 0, 1, 0.00
1562866577, 107, 0, 142, 142, 46, 2.20%, 0, 0, 1, 0.00
1562866862, 108, 0, 142, 142, 46, 2.20%, 0, 0, 1, 0.00
1562866998, 108, 67, 143, 143, 46, 2.21%, 0, 0, 1, 0.01
1562867004, 108, 70, 150, 150, 48, 2.23%, 0, 0, 1, 10.33
1562867010, 108, 73, 155, 155, 48, 2.23%, 0, 0, 1, 10.15
1562867022, 108, 79, 157, 157, 49, 2.23%, 0, 0, 1, 1.49
1562867028, 108, 82, 158, 158, 49, 2.23%, 0, 0, 1, 1.49
1562867034, 108, 85, 159, 159, 49, 2.23%, 0, 0, 1, 1.49
1562867040, 108, 88, 159, 159, 48, 2.23%, 0, 0, 1, 1.49
1562867076, 108, 106, 160, 160, 48, 2.23%, 0, 0, 1, 1.43
1562867082, 108, 109, 161, 161, 48, 2.23%, 0, 0, 1, 1.43
1562867100, 108, 118, 161, 161, 48, 2.23%, 0, 0, 1, 1.37
1562867155, 108, 145, 161, 161, 48, 2.23%, 0, 0, 1, 0.02
1562867185, 109, 0, 161, 161, 48, 2.23%, 0, 0, 1, 0.00
1562867239, 109, 26, 162, 162, 48, 2.23%, 0, 0, 1, 0.02
1562867263, 109, 38, 163, 163, 48, 2.23%, 0, 0, 1, 0.37
1562867299, 109, 56, 163, 163, 48, 2.23%, 0, 0, 1, 0.37
1562867305, 109, 59, 163, 163, 48, 2.23%, 0, 0, 1, 0.36
1562867341, 109, 77, 163, 163, 48, 2.23%, 0, 0, 1, 0.03
1562867467, 109, 140, 164, 164, 48, 2.23%, 0, 0, 1, 0.15
1562867473, 109, 143, 165, 165, 49, 2.23%, 0, 0, 1, 2.98
1562867515, 110, 0, 165, 165, 49, 2.23%, 0, 0, 1, 0.02
1562867543, 110, 13, 165, 165, 49, 2.23%, 0, 0, 1, 0.02
1562867555, 110, 19, 166, 166, 49, 2.23%, 0, 0, 1, 0.03
1562867587, 110, 35, 166, 166, 48, 2.23%, 0, 0, 1, 0.28
1562867617, 110, 50, 166, 166, 48, 2.23%, 0, 0, 1, 0.03
1562867673, 110, 78, 167, 167, 48, 2.23%, 0, 0, 1, 0.03
1562867699, 110, 91, 168, 168, 48, 2.23%, 0, 0, 1, 0.35
1562867711, 110, 97, 168, 168, 48, 2.23%, 0, 0, 1, 0.37
1562867717, 110, 100, 168, 168, 48, 2.23%, 0, 0, 1, 0.36
1562867851, 111, 0, 168, 168, 48, 2.23%, 0, 0, 1, 0.01
1562868187, 112, 0, 168, 168, 48, 2.23%, 0, 0, 1, 0.00
1562868458, 112, 134, 169, 169, 48, 2.23%, 0, 0, 1, 0.00
1562868482, 112, 146, 169, 169, 48, 2.23%, 0, 0, 1, 0.37
1562868508, 112, 159, 169, 169, 48, 2.23%, 0, 0, 1, 0.04
1562868526, 113, 0, 169, 169, 48, 2.23%, 0, 0, 1, 0.00
1562868864, 114, 0, 169, 169, 48, 2.23%, 0, 0, 1, 0.00
1562869203, 115, 0, 169, 169, 48, 2.23%, 0, 0, 1, 0.00
1562869541, 116, 0, 169, 169, 48, 2.23%, 0, 0, 1, 0.00
1562869861, 116, 159, 170, 170, 48, 2.23%, 0, 0, 1, 0.00
1562869881, 117, 0, 170, 170, 48, 2.23%, 0, 0, 1, 0.40
1562869891, 117, 4, 170, 170, 48, 2.23%, 0, 0, 1, 0.38
1562870103, 117, 110, 170, 170, 48, 2.23%, 0, 0, 1, 0.00
1562870221, 118, 0, 170, 170, 48, 2.23%, 0, 0, 1, 0.00
1562870561, 119, 0, 170, 170, 48, 2.23%, 0, 0, 1, 0.00
1562870901, 120, 0, 170, 170, 48, 2.23%, 0, 0, 1, 0.00
1562871242, 121, 0, 170, 170, 48, 2.23%, 0, 0, 1, 0.00
1562871582, 122, 0, 170, 170, 48, 2.23%, 0, 0, 1, 0.00
1562871923, 123, 0, 170, 170, 48, 2.23%, 0, 0, 1, 0.00
1562872263, 124, 0, 170, 170, 48, 2.23%, 0, 0, 1, 0.00
1562872603, 125, 0, 170, 170, 48, 2.23%, 0, 0, 1, 0.00
1562872943, 126, 0, 170, 170, 48, 2.23%, 0, 0, 1, 0.00
1562873283, 127, 0, 170, 170, 48, 2.23%, 0, 0, 1, 0.00
1562873623, 128, 0, 170, 170, 48, 2.23%, 0, 0, 1, 0.00
1562873964, 129, 0, 170, 170, 48, 2.23%, 0, 0, 1, 0.00
1562874304, 130, 0, 170, 170, 48, 2.23%, 0, 0, 1, 0.00
1562874644, 131, 0, 170, 170, 48, 2.23%, 0, 0, 1, 0.00
1562874984, 132, 0, 170, 170, 48, 2.23%, 0, 0, 1, 0.00
1562875324, 133, 0, 170, 170, 48, 2.23%, 0, 0, 1, 0.00
1562875664, 134, 0, 170, 170, 48, 2.23%, 0, 0, 1, 0.00
1562876005, 135, 0, 170, 170, 48, 2.23%, 0, 0, 1, 0.00
1562876345, 136, 0, 170, 170, 48, 2.23%, 0, 0, 1, 0.00
1562876685, 137, 0, 170, 170, 48, 2.23%, 0, 0, 1, 0.00
1562877025, 138, 0, 170, 170, 48, 2.23%, 0, 0, 1, 0.00
1562877365, 139, 0, 170, 170, 48, 2.23%, 0, 0, 1, 0.00
1562877705, 140, 0, 170, 170, 48, 2.23%, 0, 0, 1, 0.00
1562878046, 141, 0, 170, 170, 48, 2.23%, 0, 0, 1, 0.00
1562878386, 142, 0, 170, 170, 48, 2.23%, 0, 0, 1, 0.00
1562878726, 143, 0, 170, 170, 48, 2.23%, 0, 0, 1, 0.00
1562879067, 144, 0, 170, 170, 48, 2.23%, 0, 0, 1, 0.00
1562879407, 145, 0, 170, 170, 48, 2.23%, 0, 0, 1, 0.00
1562879748, 146, 0, 170, 170, 48, 2.23%, 0, 0, 1, 0.00
1562880088, 147, 0, 170, 170, 48, 2.23%, 0, 0, 1, 0.00
1562880428, 148, 0, 170, 170, 48, 2.23%, 0, 0, 1, 0.00
1562880768, 149, 0, 170, 170, 48, 2.23%, 0, 0, 1, 0.00
1562881108, 150, 0, 170, 170, 48, 2.23%, 0, 0, 1, 0.00
1562881448, 151, 0, 170, 170, 48, 2.23%, 0, 0, 1, 0.00
1562881788, 152, 0, 170, 170, 48, 2.23%, 0, 0, 1, 0.00
1562882129, 153, 0, 170, 170, 48, 2.23%, 0, 0, 1, 0.00
1562882469, 154, 0, 170, 170, 48, 2.23%, 0, 0, 1, 0.00
1562882809, 155, 0, 170, 170, 48, 2.23%, 0, 0, 1, 0.00
1562883149, 156, 0, 170, 170, 48, 2.23%, 0, 0, 1, 0.00
1562883489, 157, 0, 170, 170, 48, 2.23%, 0, 0, 1, 0.00
1562883830, 158, 0, 170, 170, 48, 2.23%, 0, 0, 1, 0.00
1562884170, 159, 0, 170, 170, 48, 2.23%, 0, 0, 1, 0.00
1562884510, 160, 0, 170, 170, 48, 2.23%, 0, 0, 1, 0.00
1562884850, 161, 0, 170, 170, 48, 2.23%, 0, 0, 1, 0.00
1562885190, 162, 0, 170, 170, 48, 2.23%, 0, 0, 1, 0.00
1562885530, 163, 0, 170, 170, 48, 2.23%, 0, 0, 1, 0.00
1562885870, 164, 0, 170, 170, 48, 2.23%, 0, 0, 1, 0.00
1562886210, 165, 0, 170, 170, 48, 2.23%, 0, 0, 1, 0.00
1562886551, 166, 0, 170, 170, 48, 2.23%, 0, 0, 1, 0.00
1562886891, 167, 0, 170, 170, 48, 2.23%, 0, 0, 1, 0.00
1562887231, 168, 0, 170, 170, 48, 2.23%, 0, 0, 1, 0.00
1562887571, 169, 0, 170, 170, 48, 2.23%, 0, 0, 1, 0.00
1562887651, 169, 39, 171, 171, 48, 2.25%, 0, 0, 1, 0.01
1562887671, 169, 49, 173, 173, 48, 2.25%, 0, 0, 1, 1.34
1562887713, 169, 70, 173, 173, 48, 2.25%, 0, 0, 1, 0.07
1562887719, 169, 73, 174, 174, 48, 2.25%, 0, 0, 1, 0.50
1562887725, 169, 76, 175, 175, 48, 2.25%, 0, 0, 1, 0.56
1562887732, 169, 79, 180, 180, 48, 2.25%, 0, 0, 1, 7.74
1562887738, 169, 82, 181, 181, 48, 2.25%, 0, 0, 1, 1.50
1562887744, 169, 85, 182, 182, 48, 2.25%, 0, 0, 1, 1.51
1562887768, 169, 97, 182, 182, 48, 2.25%, 0, 0, 1, 1.44
1562887774, 169, 100, 182, 182, 48, 2.25%, 0, 0, 1, 1.37
1562887780, 169, 103, 182, 182, 48, 2.25%, 0, 0, 1, 1.30
1562887786, 169, 106, 182, 182, 48, 2.25%, 0, 0, 1, 0.17
1562887816, 169, 121, 182, 182, 48, 2.25%, 0, 0, 1, 0.16
1562887822, 169, 124, 183, 183, 48, 2.25%, 0, 0, 1, 0.16
1562887834, 169, 130, 183, 183, 48, 2.25%, 0, 0, 1, 0.20
1562887840, 169, 133, 183, 183, 48, 2.25%, 0, 0, 1, 0.20
1562887890, 169, 158, 183, 183, 48, 2.25%, 0, 0, 1, 0.02
1562887922, 169, 174, 183, 183, 48, 2.25%, 0, 0, 1, 0.02
1562887940, 170, 0, 184, 184, 48, 2.25%, 0, 0, 1, 0.55
1562887964, 170, 11, 184, 184, 48, 2.25%, 0, 0, 1, 0.04
1562887990, 170, 24, 185, 185, 48, 2.25%, 0, 0, 1, 0.04
1562888002, 170, 30, 185, 185, 48, 2.25%, 0, 0, 1, 0.75
1562888028, 170, 43, 185, 185, 48, 2.25%, 0, 0, 1, 0.04
1562888064, 170, 61, 185, 185, 48, 2.25%, 0, 0, 1, 0.04
1562888070, 170, 64, 185, 185, 48, 2.25%, 0, 0, 1, 0.33
1562888076, 170, 67, 185, 185, 48, 2.25%, 0, 0, 1, 0.32
1562888082, 170, 70, 185, 185, 48, 2.25%, 0, 0, 1, 0.31
1562888118, 170, 88, 185, 185, 48, 2.25%, 0, 0, 1, 0.03
1562888180, 170, 119, 186, 186, 48, 2.26%, 0, 0, 1, 0.03
1562888218, 170, 138, 186, 186, 49, 2.26%, 0, 0, 1, 0.24
1562888248, 170, 153, 186, 186, 49, 2.26%, 0, 0, 1, 0.03
1562888312, 171, 0, 186, 186, 49, 2.26%, 0, 0, 1, 0.00
1562888590, 171, 138, 187, 187, 49, 2.26%, 0, 0, 1, 0.00
1562888608, 171, 147, 188, 188, 49, 2.26%, 0, 0, 1, 0.50
1562888634, 171, 160, 188, 188, 49, 2.26%, 0, 0, 1, 0.49
1562888682, 171, 184, 189, 189, 49, 2.26%, 0, 0, 1, 0.04
1562888690, 172, 0, 189, 189, 49, 2.26%, 0, 0, 1, 1.00
1562888712, 172, 10, 189, 189, 49, 2.26%, 0, 0, 1, 0.05
1562888744, 172, 26, 189, 189, 49, 2.26%, 0, 0, 1, 0.04
1562888985, 172, 146, 189, 189, 49, 2.26%, 0, 0, 1, 0.00
1562889069, 173, 0, 189, 189, 49, 2.26%, 0, 0, 1, 0.00
1562889405, 173, 167, 190, 190, 49, 2.26%, 0, 0, 1, 0.00
1562889437, 173, 183, 190, 190, 49, 2.26%, 0, 0, 1, 0.28
1562889449, 174, 0, 190, 190, 49, 2.26%, 0, 0, 1, 0.00
1562889829, 175, 0, 190, 190, 49, 2.26%, 0, 0, 1, 0.00
1562890210, 176, 0, 190, 190, 49, 2.26%, 0, 0, 1, 0.00
1562890590, 177, 0, 190, 190, 49, 2.26%, 0, 0, 1, 0.00
1562890970, 178, 0, 190, 190, 49, 2.26%, 0, 0, 1, 0.00
1562891351, 179, 0, 190, 190, 49, 2.26%, 0, 0, 1, 0.00
1562891731, 180, 0, 190, 190, 49, 2.26%, 0, 0, 1, 0.00
1562892112, 181, 0, 190, 190, 49, 2.26%, 0, 0, 1, 0.00
1562892492, 182, 0, 190, 190, 49, 2.26%, 0, 0, 1, 0.00
1562892873, 183, 0, 190, 190, 49, 2.26%, 0, 0, 1, 0.00
1562893219, 183, 172, 191, 191, 49, 2.26%, 0, 0, 1, 0.00
1562893249, 183, 187, 191, 191, 49, 2.26%, 0, 0, 1, 0.30
1562893255, 184, 0, 191, 191, 49, 2.26%, 0, 0, 1, 0.00
1562893637, 185, 0, 191, 191, 49, 2.26%, 0, 0, 1, 0.00
1562893886, 185, 123, 191, 191, 49, 2.26%, 0, 0, 1, 0.00
1562894020, 186, 0, 191, 191, 49, 2.26%, 0, 0, 1, 0.00
1562894402, 187, 0, 191, 191, 49, 2.26%, 0, 0, 1, 0.00
1562894785, 188, 0, 191, 191, 49, 2.26%, 0, 0, 1, 0.00
1562895167, 189, 0, 191, 191, 49, 2.26%, 0, 0, 1, 0.00
1562895549, 190, 0, 191, 191, 49, 2.26%, 0, 0, 1, 0.00
1562895932, 191, 0, 191, 191, 49, 2.26%, 0, 0, 1, 0.00
1562896314, 192, 0, 191, 191, 49, 2.26%, 0, 0, 1, 0.00
1562896696, 193, 0, 191, 191, 49, 2.26%, 0, 0, 1, 0.00
1562897079, 194, 0, 191, 191, 49, 2.26%, 0, 0, 1, 0.00
1562897461, 195, 0, 191, 191, 49, 2.26%, 0, 0, 1, 0.00
1562897843, 196, 0, 191, 191, 49, 2.26%, 0, 0, 1, 0.00
1562898225, 197, 0, 191, 191, 49, 2.26%, 0, 0, 1, 0.00
1562898607, 198, 0, 191, 191, 49, 2.26%, 0, 0, 1, 0.00
1562898990, 199, 0, 191, 191, 49, 2.26%, 0, 0, 1, 0.00
1562899368, 199, 188, 192, 192, 49, 2.26%, 0, 0, 1, 0.00
1562899374, 200, 0, 192, 192, 49, 2.26%, 0, 0, 1, 1.32
1562899380, 200, 2, 192, 192, 49, 2.26%, 0, 0, 1, 0.17
1562899436, 200, 30, 192, 192, 49, 2.26%, 0, 0, 1, 0.02
1562899758, 201, 0, 192, 192, 49, 2.26%, 0, 0, 1, 0.00
1562900142, 202, 0, 192, 192, 49, 2.26%, 0, 0, 1, 0.00
1562900526, 203, 0, 192, 192, 49, 2.26%, 0, 0, 1, 0.00
1562900910, 204, 0, 192, 192, 49, 2.26%, 0, 0, 1, 0.00
1562901295, 205, 0, 192, 192, 49, 2.26%, 0, 0, 1, 0.00
1562901679, 206, 0, 192, 192, 49, 2.26%, 0, 0, 1, 0.00
1562902063, 207, 0, 192, 192, 49, 2.26%, 0, 0, 1, 0.00
1562902448, 208, 0, 192, 192, 49, 2.26%, 0, 0, 1, 0.00
1562902832, 209, 0, 192, 192, 49, 2.26%, 0, 0, 1, 0.00
1562903009, 209, 87, 193, 193, 49, 2.26%, 0, 0, 1, 0.01
1562903053, 209, 109, 193, 193, 49, 2.26%, 0, 0, 1, 0.20
1562903071, 209, 118, 193, 193, 49, 2.26%, 0, 0, 1, 0.19
1562903219, 210, 0, 193, 193, 49, 2.26%, 0, 0, 1, 0.00
1562903606, 211, 0, 193, 193, 49, 2.26%, 0, 0, 1, 0.00
1562903992, 212, 0, 193, 193, 49, 2.26%, 0, 0, 1, 0.00
1562904378, 213, 0, 193, 193, 49, 2.26%, 0, 0, 1, 0.00
1562904764, 214, 0, 193, 193, 49, 2.26%, 0, 0, 1, 0.00
1562905151, 215, 0, 193, 193, 49, 2.26%, 0, 0, 1, 0.00
1562905463, 215, 155, 194, 194, 49, 2.26%, 0, 0, 1, 0.00
1562905487, 215, 167, 194, 194, 49, 2.26%, 0, 0, 1, 0.37
1562905539, 216, 0, 194, 194, 49, 2.26%, 0, 0, 1, 0.00
1562905565, 216, 12, 194, 194, 49, 2.26%, 0, 0, 1, 0.04
1562905928, 217, 0, 194, 194, 49, 2.26%, 0, 0, 1, 0.00
1562906004, 217, 37, 195, 195, 49, 2.26%, 0, 0, 1, 0.01
1562906040, 217, 55, 195, 195, 49, 2.26%, 0, 0, 1, 0.25
1562906046, 217, 58, 195, 195, 49, 2.26%, 0, 0, 1, 0.24
1562906318, 218, 0, 195, 195, 49, 2.26%, 0, 0, 1, 0.00
1562906708, 219, 0, 195, 195, 49, 2.26%, 0, 0, 1, 0.00
1562907040, 219, 165, 196, 196, 49, 2.26%, 0, 0, 1, 0.00
1562907100, 220, 0, 196, 196, 49, 2.26%, 0, 0, 1, 0.13
1562907108, 220, 3, 196, 196, 49, 2.26%, 0, 0, 1, 0.16
1562907126, 220, 12, 197, 197, 49, 2.26%, 0, 0, 1, 0.15
1562907163, 220, 30, 197, 197, 49, 2.26%, 0, 0, 1, 0.16
1562907199, 220, 48, 197, 197, 49, 2.26%, 0, 0, 1, 0.03
1562907397, 220, 147, 198, 198, 49, 2.26%, 0, 0, 1, 0.01
1562907409, 220, 153, 198, 198, 49, 2.26%, 0, 0, 1, 0.75
1562907497, 221, 0, 198, 198, 49, 2.26%, 0, 0, 1, 0.01
1562907893, 222, 0, 198, 198, 49, 2.26%, 0, 0, 1, 0.00
1562908289, 223, 0, 198, 198, 49, 2.26%, 0, 0, 1, 0.00
1562908325, 223, 17, 199, 199, 49, 2.26%, 0, 0, 1, 0.03
1562908331, 223, 20, 199, 199, 49, 2.26%, 0, 0, 1, 1.50
1562908457, 223, 83, 199, 199, 49, 2.26%, 0, 0, 1, 0.01
1562908688, 224, 0, 199, 199, 49, 2.26%, 0, 0, 1, 0.00
1562909086, 225, 0, 199, 199, 49, 2.26%, 0, 0, 1, 0.00
1562909484, 226, 0, 199, 199, 49, 2.26%, 0, 0, 1, 0.00
1562909542, 226, 28, 199, 199, 49, 2.26%, 0, 0, 1, 0.02
1562909578, 226, 46, 200, 200, 49, 2.26%, 0, 0, 1, 0.02
1562909638, 226, 76, 200, 200, 49, 2.26%, 0, 0, 1, 0.15
1562909644, 226, 79, 200, 200, 49, 2.26%, 0, 0, 1, 0.15
1562909873, 226, 193, 201, 201, 49, 2.26%, 0, 0, 1, 0.00
1562909879, 226, 196, 201, 201, 50, 2.26%, 0, 0, 1, 1.50
1562909887, 227, 0, 201, 201, 50, 2.26%, 0, 0, 1, 0.00
1562910289, 228, 0, 201, 201, 50, 2.26%, 0, 0, 1, 0.00
1562910299, 228, 4, 202, 202, 50, 2.27%, 0, 0, 1, 0.10
1562910465, 228, 87, 202, 202, 51, 2.27%, 0, 0, 1, 0.10
1562910664, 228, 186, 202, 202, 51, 2.27%, 0, 0, 1, 0.01
1562910694, 229, 0, 202, 202, 51, 2.27%, 0, 0, 1, 0.00
1562911098, 230, 0, 202, 202, 51, 2.27%, 0, 0, 1, 0.00
1562911502, 231, 0, 202, 202, 51, 2.27%, 0, 0, 1, 0.00
1562911906, 232, 0, 202, 202, 51, 2.27%, 0, 0, 1, 0.00
1562912311, 233, 0, 202, 202, 51, 2.27%, 0, 0, 1, 0.00
1562912715, 234, 0, 202, 202, 51, 2.27%, 0, 0, 1, 0.00
1562913119, 235, 0, 202, 202, 51, 2.27%, 0, 0, 1, 0.00
1562913523, 235, 201, 203, 203, 51, 2.28%, 0, 0, 1, 0.00
1562913565, 236, 19, 203, 203, 52, 2.28%, 0, 0, 1, 0.02
1562913577, 236, 25, 203, 203, 52, 2.28%, 0, 0, 1, 0.03
1562913931, 237, 0, 203, 203, 52, 2.28%, 0, 0, 1, 0.00
1562914337, 238, 0, 203, 203, 52, 2.28%, 0, 0, 1, 0.00
1562914744, 239, 0, 203, 203, 52, 2.28%, 0, 0, 1, 0.00
1562915150, 240, 0, 203, 203, 52, 2.28%, 0, 0, 1, 0.00
1562915556, 241, 0, 203, 203, 52, 2.28%, 0, 0, 1, 0.00
1562915962, 242, 0, 203, 203, 52, 2.28%, 0, 0, 1, 0.00
1562916369, 243, 0, 203, 203, 52, 2.28%, 0, 0, 1, 0.00
1562916775, 244, 0, 203, 203, 52, 2.28%, 0, 0, 1, 0.00
1562917175, 244, 199, 204, 204, 52, 2.28%, 0, 0, 1, 0.00
1562917183, 245, 0, 204, 204, 53, 2.28%, 0, 0, 1, 1.00
1562917591, 246, 0, 204, 204, 53, 2.28%, 0, 0, 1, 0.00
1562917603, 246, 5, 204, 204, 53, 2.28%, 0, 0, 1, 0.08
1562918000, 247, 0, 204, 204, 53, 2.28%, 0, 0, 1, 0.00
1562918264, 247, 131, 205, 205, 53, 2.28%, 0, 0, 1, 0.00
1562918366, 247, 182, 205, 205, 53, 2.28%, 0, 0, 1, 0.09
1562918410, 248, 0, 205, 205, 53, 2.28%, 0, 0, 1, 0.00
1562918699, 248, 143, 206, 206, 53, 2.28%, 0, 0, 1, 0.00
1562918823, 249, 0, 206, 206, 53, 2.28%, 0, 0, 1, 0.06
1562919117, 249, 146, 206, 206, 53, 2.28%, 0, 0, 1, 0.00
1562919235, 250, 0, 206, 206, 53, 2.28%, 0, 0, 1, 0.00
1562919647, 251, 0, 206, 206, 53, 2.28%, 0, 0, 1, 0.00
1562919743, 251, 47, 207, 207, 53, 2.28%, 0, 0, 1, 0.01
1562919887, 251, 119, 207, 207, 52, 2.28%, 0, 0, 1, 0.06
1562920061, 252, 0, 207, 207, 52, 2.28%, 0, 0, 1, 0.00
1562920475, 253, 0, 207, 207, 52, 2.28%, 0, 0, 1, 0.00
1562920889, 254, 0, 207, 207, 52, 2.28%, 0, 0, 1, 0.00
1562921270, 254, 189, 207, 207, 52, 2.28%, 0, 0, 1, 0.00
1562921304, 255, 0, 207, 207, 52, 2.28%, 0, 0, 1, 0.03
1562921718, 256, 0, 207, 207, 52, 2.28%, 0, 0, 1, 0.00
1562921784, 256, 32, 208, 208, 52, 2.28%, 0, 0, 1, 0.02
1562921802, 256, 41, 208, 208, 52, 2.28%, 0, 0, 1, 0.50
1562922134, 257, 0, 208, 208, 52, 2.28%, 0, 0, 1, 0.00
1562922244, 257, 54, 209, 209, 52, 2.28%, 0, 0, 1, 0.01
1562922258, 257, 61, 209, 209, 52, 2.28%, 0, 0, 1, 0.64
1562922552, 258, 0, 209, 209, 52, 2.28%, 0, 0, 1, 0.00
1562922970, 259, 0, 209, 209, 52, 2.28%, 0, 0, 1, 0.00
1562923388, 260, 0, 209, 209, 52, 2.28%, 0, 0, 1, 0.00
1562923806, 261, 0, 209, 209, 52, 2.28%, 0, 0, 1, 0.00
1562924224, 262, 0, 209, 209, 52, 2.28%, 0, 0, 1, 0.00
1562924642, 263, 0, 209, 209, 52, 2.28%, 0, 0, 1, 0.00
1562925061, 264, 0, 209, 209, 52, 2.28%, 0, 0, 1, 0.00
1562925187, 264, 62, 209, 209, 52, 2.28%, 0, 0, 1, 0.01
1562925289, 264, 113, 210, 210, 52, 2.28%, 0, 0, 1, 0.01
1562925309, 264, 123, 210, 210, 52, 2.28%, 0, 0, 1, 0.45
1562925481, 265, 0, 210, 210, 52, 2.28%, 0, 0, 1, 0.00
1562925901, 265, 209, 211, 211, 52, 2.28%, 0, 0, 1, 0.00
1562926011, 266, 53, 211, 211, 52, 2.28%, 0, 0, 1, 0.01
1562926127, 266, 111, 212, 212, 52, 2.28%, 0, 0, 1, 0.01
1562926189, 266, 142, 212, 212, 52, 2.28%, 0, 0, 1, 0.15
1562926327, 267, 0, 212, 212, 52, 2.28%, 0, 0, 1, 0.00
1562926751, 268, 0, 212, 212, 52, 2.28%, 0, 0, 1, 0.00
1562927175, 269, 0, 212, 212, 52, 2.28%, 0, 0, 1, 0.00
1562927325, 269, 74, 213, 213, 52, 2.29%, 0, 0, 1, 0.01
1562927337, 269, 80, 213, 213, 52, 2.29%, 0, 0, 1, 0.75
1562927355, 269, 89, 214, 214, 52, 2.31%, 0, 0, 1, 0.06
1562927373, 269, 98, 215, 215, 53, 2.31%, 0, 0, 1, 0.50
1562927397, 269, 110, 215, 215, 54, 2.31%, 0, 0, 1, 0.49
1562927415, 269, 119, 216, 216, 54, 2.31%, 0, 0, 1, 0.06
1562927428, 269, 125, 224, 224, 54, 2.33%, 0, 0, 1, 0.42
1562927624, 270, 0, 224, 224, 54, 2.33%, 0, 0, 1, 0.04
1562927640, 270, 7, 224, 224, 54, 2.33%, 0, 0, 1, 0.04
1562927652, 270, 13, 224, 224, 54, 2.33%, 0, 0, 1, 0.33
1562927664, 270, 19, 225, 225, 54, 2.33%, 0, 0, 1, 0.36
1562927670, 270, 22, 226, 226, 54, 2.33%, 0, 0, 1, 0.43
1562927682, 270, 28, 227, 227, 54, 2.33%, 0, 0, 1, 0.45
1562927688, 270, 31, 227, 227, 54, 2.33%, 0, 0, 1, 0.52
1562927700, 270, 37, 228, 228, 54, 2.33%, 0, 0, 1, 0.08
1562927712, 270, 43, 228, 228, 54, 2.33%, 0, 0, 1, 0.75
1562927724, 270, 49, 228, 228, 54, 2.33%, 0, 0, 1, 0.08
1562927826, 270, 100, 228, 228, 54, 2.33%, 0, 0, 1, 0.08
1562928080, 271, 0, 228, 228, 54, 2.33%, 0, 0, 1, 0.08
1562928214, 271, 66, 229, 229, 54, 2.33%, 0, 0, 1, 0.01
1562928228, 271, 73, 229, 229, 54, 2.33%, 0, 0, 1, 0.64
1562928242, 271, 80, 230, 230, 54, 2.33%, 0, 0, 1, 0.07
1562928408, 271, 163, 231, 231, 55, 2.33%, 0, 0, 1, 0.07
1562928542, 272, 0, 231, 231, 55, 2.33%, 0, 0, 1, 0.01
1562928794, 272, 125, 232, 232, 55, 2.33%, 0, 0, 1, 0.01
1562928818, 272, 137, 232, 232, 56, 2.33%, 0, 0, 1, 0.37
1562928960, 272, 208, 232, 232, 56, 2.33%, 0, 0, 1, 0.03
1562929006, 273, 0, 232, 232, 56, 2.33%, 0, 0, 1, 0.03
1562929026, 273, 9, 232, 232, 56, 2.33%, 0, 0, 1, 0.03
1562929209, 273, 100, 233, 233, 56, 2.34%, 0, 0, 1, 0.01
1562929239, 273, 115, 233, 233, 55, 2.34%, 0, 0, 1, 0.30
1562929245, 273, 118, 234, 234, 55, 2.34%, 0, 0, 1, 0.29
1562929277, 273, 134, 234, 234, 55, 2.34%, 0, 0, 1, 0.29
1562929475, 274, 0, 234, 234, 55, 2.34%, 0, 0, 1, 0.00
1562929523, 274, 23, 235, 235, 55, 2.34%, 0, 0, 1, 0.02
1562929555, 274, 39, 235, 235, 55, 2.34%, 0, 0, 1, 0.28
1562929927, 274, 225, 236, 236, 55, 2.34%, 0, 0, 1, 0.00
1562929948, 275, 0, 236, 236, 56, 2.34%, 0, 0, 1, 0.45
1562929994, 275, 22, 236, 236, 56, 2.34%, 0, 0, 1, 0.02
1562930120, 275, 85, 236, 236, 56, 2.34%, 0, 0, 1, 0.02
1562930420, 276, 0, 236, 236, 56, 2.34%, 0, 0, 1, 0.00
1562930862, 276, 220, 236, 236, 56, 2.34%, 0, 0, 1, 0.00
1562930892, 277, 0, 236, 236, 56, 2.34%, 0, 0, 1, 0.03
1562931365, 278, 0, 236, 236, 56, 2.34%, 0, 0, 1, 0.00
1562931775, 278, 204, 237, 237, 56, 2.34%, 0, 0, 1, 0.00
1562931839, 279, 0, 237, 237, 56, 2.34%, 0, 0, 1, 0.12
1562931945, 279, 52, 237, 237, 56, 2.34%, 0, 0, 1, 0.01
1562932314, 280, 0, 237, 237, 56, 2.34%, 0, 0, 1, 0.00
1562932542, 280, 113, 237, 237, 56, 2.34%, 0, 0, 1, 0.00
1562932770, 280, 227, 238, 238, 56, 2.34%, 0, 0, 1, 0.00
1562932776, 280, 230, 238, 238, 56, 2.34%, 0, 0, 1, 1.49
1562932790, 281, 0, 238, 238, 56, 2.34%, 0, 0, 1, 0.00
1562933267, 282, 0, 238, 238, 56, 2.34%, 0, 0, 1, 0.00
1562933415, 282, 73, 238, 238, 56, 2.34%, 0, 0, 1, 0.01
1562933744, 283, 0, 238, 238, 56, 2.34%, 0, 0, 1, 0.00
1562934220, 284, 0, 238, 238, 56, 2.34%, 0, 0, 1, 0.00
1562934696, 285, 0, 238, 238, 56, 2.34%, 0, 0, 1, 0.00
1562934714, 285, 8, 239, 239, 56, 2.35%, 0, 0, 1, 0.06
1562934726, 285, 14, 239, 239, 57, 2.35%, 0, 0, 1, 0.75
1562934852, 285, 77, 239, 239, 57, 2.35%, 0, 0, 1, 0.01
1562934900, 285, 101, 239, 239, 57, 2.35%, 0, 0, 1, 0.01
1562935174, 286, 0, 239, 239, 57, 2.35%, 0, 0, 1, 0.00
1562935200, 286, 12, 240, 240, 57, 2.35%, 0, 0, 1, 0.04
1562935655, 287, 0, 240, 240, 57, 2.35%, 0, 0, 1, 0.04
1562935807, 287, 75, 241, 241, 57, 2.35%, 0, 0, 1, 0.01
1562935837, 287, 90, 241, 241, 58, 2.35%, 0, 0, 1, 0.30
1562935861, 287, 102, 241, 241, 58, 2.35%, 0, 0, 1, 0.29
1562936137, 288, 0, 241, 241, 58, 2.35%, 0, 0, 1, 0.00
1562936620, 289, 0, 241, 241, 58, 2.35%, 0, 0, 1, 0.00
1562937102, 290, 0, 241, 241, 58, 2.35%, 0, 0, 1, 0.00
1562937585, 291, 0, 241, 241, 58, 2.35%, 0, 0, 1, 0.00
1562937597, 291, 5, 242, 242, 58, 2.35%, 0, 0, 1, 0.08
1562937627, 291, 20, 242, 242, 58, 2.35%, 0, 0, 1, 0.10
1562937639, 291, 26, 242, 242, 58, 2.35%, 0, 0, 1, 0.10
1562937669, 291, 41, 243, 243, 58, 2.35%, 0, 0, 1, 0.09
1562937729, 291, 71, 243, 243, 58, 2.35%, 0, 0, 1, 0.10
1562937845, 291, 129, 243, 243, 58, 2.35%, 0, 0, 1, 0.01
1562937857, 291, 135, 244, 244, 58, 2.35%, 0, 0, 1, 0.83
1562937881, 291, 147, 244, 244, 58, 2.35%, 0, 0, 1, 0.04
1562938073, 292, 0, 244, 244, 58, 2.35%, 0, 0, 1, 0.00
1562938419, 292, 172, 245, 245, 58, 2.35%, 0, 0, 1, 0.00
1562938457, 292, 191, 245, 245, 58, 2.35%, 0, 0, 1, 0.24
1562938483, 292, 204, 245, 245, 58, 2.35%, 0, 0, 1, 0.04
1562938563, 293, 0, 245, 245, 58, 2.35%, 0, 0, 1, 0.00
1562938802, 293, 118, 246, 246, 58, 2.36%, 0, 0, 1, 0.00
1562938808, 293, 121, 246, 246, 58, 2.36%, 0, 0, 1, 1.49
1562939056, 294, 0, 246, 246, 58, 2.36%, 0, 0, 1, 0.00
1562939548, 295, 0, 246, 246, 58, 2.36%, 0, 0, 1, 0.00
1562939812, 295, 131, 247, 247, 58, 2.36%, 0, 0, 1, 0.00
1562939830, 295, 140, 247, 247, 58, 2.36%, 0, 0, 1, 0.50
1562940042, 296, 0, 247, 247, 58, 2.36%, 0, 0, 1, 0.00
1562940106, 296, 31, 248, 248, 58, 2.36%, 0, 0, 1, 0.02
1562940203, 296, 79, 248, 248, 58, 2.36%, 0, 0, 1, 0.09
1562940227, 296, 91, 248, 248, 58, 2.36%, 0, 0, 1, 0.09
1562940479, 296, 217, 249, 249, 58, 2.36%, 0, 0, 1, 0.01
1562940539, 296, 247, 249, 249, 58, 2.36%, 0, 0, 1, 0.15
1562940587, 297, 22, 249, 249, 58, 2.36%, 0, 0, 1, 0.02
1562941039, 298, 0, 249, 249, 58, 2.36%, 0, 0, 1, 0.00
1562941538, 299, 0, 249, 249, 58, 2.36%, 0, 0, 1, 0.00
1562941748, 299, 104, 250, 250, 58, 2.36%, 0, 0, 1, 0.00
1562941754, 299, 107, 250, 250, 58, 2.36%, 0, 0, 1, 1.49
1562941864, 299, 162, 250, 250, 58, 2.36%, 0, 0, 1, 0.01
1562942038, 300, 0, 250, 250, 58, 2.36%, 0, 0, 1, 0.00
1562942539, 301, 0, 250, 250, 58, 2.36%, 0, 0, 1, 0.00
1562942813, 301, 136, 251, 251, 58, 2.36%, 0, 0, 1, 0.00
1562942886, 301, 172, 251, 251, 58, 2.36%, 0, 0, 1, 0.12
1562943042, 302, 0, 251, 251, 58, 2.36%, 0, 0, 1, 0.00
1562943350, 302, 153, 251, 251, 58, 2.36%, 0, 0, 1, 0.00
1562943544, 303, 0, 251, 251, 58, 2.36%, 0, 0, 1, 0.00
1562944046, 304, 0, 251, 251, 58, 2.36%, 0, 0, 1, 0.00
1562944549, 305, 0, 251, 251, 58, 2.36%, 0, 0, 1, 0.00
1562944663, 305, 56, 252, 252, 58, 2.36%, 0, 0, 1, 0.01
1562944761, 305, 105, 252, 252, 58, 2.36%, 0, 0, 1, 0.09
1562944953, 305, 201, 252, 252, 58, 2.36%, 0, 0, 1, 0.01
1562945053, 306, 0, 252, 252, 58, 2.36%, 0, 0, 1, 0.00
1562945557, 307, 0, 252, 252, 58, 2.36%, 0, 0, 1, 0.00
1562946061, 308, 0, 252, 252, 58, 2.36%, 0, 0, 1, 0.00
1562946173, 308, 55, 253, 253, 58, 2.36%, 0, 0, 1, 0.01
1562946275, 308, 106, 253, 253, 59, 2.36%, 0, 0, 1, 0.09
1562946567, 309, 0, 253, 253, 59, 2.36%, 0, 0, 1, 0.00
1562947073, 310, 0, 253, 253, 59, 2.36%, 0, 0, 1, 0.00
1562947326, 310, 125, 253, 253, 59, 2.36%, 0, 0, 1, 0.00
1562947580, 311, 0, 253, 253, 59, 2.36%, 0, 0, 1, 0.00
1562948086, 312, 0, 253, 253, 59, 2.36%, 0, 0, 1, 0.00
1562948592, 313, 0, 253, 253, 59, 2.36%, 0, 0, 1, 0.00
1562949099, 314, 0, 253, 253, 59, 2.36%, 0, 0, 1, 0.00
1562949605, 315, 0, 253, 253, 59, 2.36%, 0, 0, 1, 0.00
1562950111, 316, 0, 253, 253, 59, 2.36%, 0, 0, 1, 0.00
1562950618, 317, 0, 253, 253, 59, 2.36%, 0, 0, 1, 0.00
1562951124, 318, 0, 253, 253, 59, 2.36%, 0, 0, 1, 0.00
1562951631, 319, 0, 253, 253, 59, 2.36%, 0, 0, 1, 0.00
1562952137, 320, 0, 253, 253, 59, 2.36%, 0, 0, 1, 0.00
1562952643, 321, 0, 253, 253, 59, 2.36%, 0, 0, 1, 0.00
1562953149, 322, 0, 253, 253, 59, 2.36%, 0, 0, 1, 0.00
1562953656, 323, 0, 253, 253, 59, 2.36%, 0, 0, 1, 0.00
1562954162, 324, 0, 253, 253, 59, 2.36%, 0, 0, 1, 0.00
1562954494, 324, 165, 254, 254, 59, 2.36%, 0, 0, 1, 0.00
1562954548, 324, 192, 254, 254, 59, 2.36%, 0, 0, 1, 0.17
1562954670, 325, 0, 254, 254, 59, 2.36%, 0, 0, 1, 0.00
1562955178, 326, 0, 254, 254, 59, 2.36%, 0, 0, 1, 0.00
1562955687, 327, 0, 254, 254, 59, 2.36%, 0, 0, 1, 0.00
1562956195, 328, 0, 254, 254, 59, 2.36%, 0, 0, 1, 0.00
1562956703, 329, 0, 254, 254, 59, 2.36%, 0, 0, 1, 0.00
1562957212, 330, 0, 254, 254, 59, 2.36%, 0, 0, 1, 0.00
1562957720, 331, 0, 254, 254, 59, 2.36%, 0, 0, 1, 0.00
1562958228, 332, 0, 254, 254, 59, 2.36%, 0, 0, 1, 0.00
1562958736, 333, 0, 254, 254, 59, 2.36%, 0, 0, 1, 0.00
1562959245, 334, 0, 254, 254, 59, 2.36%, 0, 0, 1, 0.00
1562959753, 335, 0, 254, 254, 59, 2.36%, 0, 0, 1, 0.00
1562960261, 336, 0, 254, 254, 59, 2.36%, 0, 0, 1, 0.00
1562960770, 337, 0, 254, 254, 59, 2.36%, 0, 0, 1, 0.00
1562961278, 338, 0, 254, 254, 59, 2.36%, 0, 0, 1, 0.00
1562961787, 339, 0, 254, 254, 59, 2.36%, 0, 0, 1, 0.00
1562962017, 339, 114, 255, 255, 59, 2.36%, 0, 0, 1, 0.00
1562962029, 339, 120, 256, 256, 60, 2.37%, 0, 0, 1, 0.75
1562962119, 339, 165, 256, 256, 61, 2.37%, 0, 0, 1, 0.10
1562962299, 340, 0, 256, 256, 61, 2.37%, 0, 0, 1, 0.01
1562962433, 340, 66, 256, 256, 61, 2.37%, 0, 0, 1, 0.01
1562962812, 341, 0, 256, 256, 61, 2.37%, 0, 0, 1, 0.01
1562963324, 342, 0, 256, 256, 61, 2.37%, 0, 0, 1, 0.00
1562963836, 343, 0, 256, 256, 61, 2.37%, 0, 0, 1, 0.00
1562964349, 344, 0, 256, 256, 61, 2.37%, 0, 0, 1, 0.00
1562964861, 345, 0, 256, 256, 61, 2.37%, 0, 0, 1, 0.00
1562965374, 346, 0, 256, 256, 61, 2.37%, 0, 0, 1, 0.00
1562965886, 347, 0, 256, 256, 61, 2.37%, 0, 0, 1, 0.00
1562966398, 348, 0, 256, 256, 61, 2.37%, 0, 0, 1, 0.00
1562966910, 349, 0, 256, 256, 61, 2.37%, 0, 0, 1, 0.00
1562966966, 349, 27, 257, 257, 61, 2.37%, 0, 0, 1, 0.02
1562966980, 349, 34, 257, 257, 61, 2.37%, 0, 0, 1, 0.64
1562967040, 349, 64, 257, 257, 61, 2.37%, 0, 0, 1, 0.02
1562967058, 349, 73, 258, 258, 61, 2.37%, 0, 0, 1, 0.02
1562967108, 349, 98, 258, 258, 61, 2.37%, 0, 0, 1, 0.18
1562967402, 349, 245, 259, 259, 61, 2.37%, 0, 0, 1, 0.00
1562967414, 349, 251, 259, 259, 61, 2.37%, 0, 0, 1, 0.83
1562967428, 350, 0, 259, 259, 61, 2.37%, 0, 0, 1, 0.00
1562967947, 351, 0, 259, 259, 61, 2.37%, 0, 0, 1, 0.00
1562968466, 352, 0, 259, 259, 61, 2.37%, 0, 0, 1, 0.00
1562968502, 352, 17, 259, 259, 61, 2.37%, 0, 0, 1, 0.03
1562968984, 353, 0, 259, 259, 61, 2.37%, 0, 0, 1, 0.00
1562969502, 354, 0, 259, 259, 61, 2.37%, 0, 0, 1, 0.00
1562970021, 355, 0, 259, 259, 61, 2.37%, 0, 0, 1, 0.00
1562970539, 356, 0, 259, 259, 61, 2.37%, 0, 0, 1, 0.00
1562971057, 357, 0, 259, 259, 61, 2.37%, 0, 0, 1, 0.00
1562971576, 358, 0, 259, 259, 61, 2.37%, 0, 0, 1, 0.00
1562972094, 359, 0, 259, 259, 61, 2.37%, 0, 0, 1, 0.00
1562972613, 360, 0, 259, 259, 61, 2.37%, 0, 0, 1, 0.00
1562973132, 361, 0, 259, 259, 61, 2.37%, 0, 0, 1, 0.00
1562973650, 362, 0, 259, 259, 61, 2.37%, 0, 0, 1, 0.00
1562974168, 363, 0, 259, 259, 61, 2.37%, 0, 0, 1, 0.00
1562974687, 364, 0, 259, 259, 61, 2.37%, 0, 0, 1, 0.00
1562975205, 365, 0, 259, 259, 61, 2.37%, 0, 0, 1, 0.00
1562975723, 366, 0, 259, 259, 61, 2.37%, 0, 0, 1, 0.00
1562976242, 367, 0, 259, 259, 61, 2.37%, 0, 0, 1, 0.00
1562976760, 368, 0, 259, 259, 61, 2.37%, 0, 0, 1, 0.00
1562977006, 368, 122, 260, 260, 61, 2.37%, 0, 0, 1, 0.00
1562977012, 368, 125, 261, 261, 61, 2.37%, 0, 0, 1, 1.49
1562977060, 368, 149, 261, 261, 61, 2.37%, 0, 0, 1, 0.21
1562977078, 368, 158, 261, 261, 61, 2.37%, 0, 0, 1, 0.20
1562977282, 369, 0, 261, 261, 61, 2.37%, 0, 0, 1, 0.00
1562977751, 369, 233, 262, 262, 61, 2.37%, 0, 0, 1, 0.00
1562977781, 369, 248, 263, 263, 62, 2.37%, 0, 0, 1, 0.30
1562977809, 370, 0, 263, 263, 63, 2.37%, 0, 0, 1, 0.30
1562977817, 370, 3, 263, 263, 63, 2.37%, 0, 0, 1, 0.29
1562978147, 370, 168, 263, 263, 63, 2.37%, 0, 0, 1, 0.01
1562978336, 371, 0, 263, 263, 63, 2.37%, 0, 0, 1, 0.01
1562978862, 372, 0, 263, 263, 63, 2.37%, 0, 0, 1, 0.00
1562979389, 373, 0, 263, 263, 63, 2.37%, 0, 0, 1, 0.00
1562979915, 374, 0, 263, 263, 63, 2.37%, 0, 0, 1, 0.00
1562980442, 375, 0, 263, 263, 63, 2.37%, 0, 0, 1, 0.00
1562980968, 376, 0, 263, 263, 63, 2.37%, 0, 0, 1, 0.00
1562981495, 377, 0, 263, 263, 63, 2.37%, 0, 0, 1, 0.00
1562982021, 378, 0, 263, 263, 63, 2.37%, 0, 0, 1, 0.00
1562982548, 379, 0, 263, 263, 63, 2.37%, 0, 0, 1, 0.00
1562983075, 380, 0, 263, 263, 63, 2.37%, 0, 0, 1, 0.00
1562983601, 381, 0, 263, 263, 63, 2.37%, 0, 0, 1, 0.00
1562984128, 382, 0, 263, 263, 63, 2.37%, 0, 0, 1, 0.00
1562984654, 383, 0, 263, 263, 63, 2.37%, 0, 0, 1, 0.00
1562984965, 383, 154, 264, 264, 63, 2.37%, 0, 0, 1, 0.00
1562984989, 383, 166, 264, 264, 63, 2.37%, 0, 0, 1, 0.37
1562985019, 383, 181, 264, 264, 63, 2.37%, 0, 0, 1, 0.03
1562985183, 384, 0, 264, 264, 63, 2.37%, 0, 0, 1, 0.00
1562985712, 385, 0, 264, 264, 63, 2.37%, 0, 0, 1, 0.00
1562986240, 386, 0, 264, 264, 63, 2.37%, 0, 0, 1, 0.00
1562986768, 387, 0, 264, 264, 63, 2.37%, 0, 0, 1, 0.00
1562987296, 388, 0, 264, 264, 63, 2.37%, 0, 0, 1, 0.00
1562987825, 389, 0, 264, 264, 63, 2.37%, 0, 0, 1, 0.00
1562988354, 390, 0, 264, 264, 63, 2.37%, 0, 0, 1, 0.00
1562988720, 390, 182, 265, 265, 63, 2.39%, 0, 0, 1, 0.00
1562988726, 390, 185, 266, 266, 64, 2.39%, 0, 0, 1, 1.49
1562988762, 390, 203, 268, 268, 65, 2.39%, 0, 0, 1, 1.45
1562988768, 390, 206, 269, 269, 65, 2.39%, 0, 0, 1, 1.40
1562988780, 390, 212, 270, 270, 64, 2.40%, 0, 0, 1, 1.36
1562988786, 390, 215, 271, 271, 65, 2.40%, 0, 0, 1, 1.36
1562988792, 390, 218, 272, 272, 65, 2.40%, 0, 0, 1, 1.37
1562988798, 390, 221, 273, 273, 66, 2.40%, 0, 0, 1, 1.38
1562988804, 390, 224, 275, 275, 67, 2.40%, 0, 0, 1, 1.57
1562988816, 390, 230, 276, 276, 67, 2.40%, 0, 0, 1, 1.52
1562988822, 390, 233, 276, 276, 67, 2.40%, 0, 0, 1, 1.52
1562988828, 390, 236, 277, 277, 67, 2.40%, 0, 0, 1, 0.17
1562988834, 390, 239, 279, 279, 67, 2.40%, 0, 0, 1, 2.97
1562988846, 390, 245, 280, 280, 67, 2.40%, 0, 0, 1, 2.83
1562988870, 390, 257, 280, 280, 67, 2.40%, 0, 0, 1, 0.42
1562988876, 390, 260, 280, 280, 67, 2.40%, 0, 0, 1, 0.40
1562988900, 390, 272, 280, 280, 67, 2.40%, 0, 0, 1, 0.04
1562988915, 391, 0, 280, 280, 67, 2.40%, 0, 0, 1, 0.21
1562989191, 391, 137, 280, 280, 67, 2.40%, 0, 0, 1, 0.00
1562989209, 391, 146, 281, 281, 67, 2.40%, 0, 0, 1, 0.72
1562989313, 391, 198, 282, 282, 67, 2.41%, 0, 0, 1, 0.01
1562989343, 391, 213, 282, 282, 68, 2.41%, 0, 0, 1, 0.30
1562989373, 391, 228, 283, 283, 68, 2.41%, 0, 0, 1, 0.03
1562989421, 391, 252, 283, 283, 68, 2.41%, 0, 0, 1, 0.21
1562989439, 391, 261, 283, 283, 68, 2.41%, 0, 0, 1, 0.20
1562989481, 391, 282, 284, 284, 68, 2.41%, 0, 0, 1, 0.20
1562989529, 392, 22, 284, 284, 68, 2.41%, 0, 0, 1, 0.02
1562989583, 392, 49, 284, 284, 68, 2.41%, 0, 0, 1, 0.02
1562989857, 392, 186, 285, 285, 68, 2.41%, 0, 0, 1, 0.00
1562989881, 392, 198, 286, 286, 68, 2.41%, 0, 0, 1, 0.42
1562989899, 392, 207, 287, 287, 68, 2.41%, 0, 0, 1, 0.42
1562989930, 392, 222, 287, 287, 68, 2.41%, 0, 0, 1, 0.41
1562989936, 392, 225, 287, 287, 68, 2.41%, 0, 0, 1, 0.41
1562989954, 392, 234, 288, 288, 68, 2.42%, 0, 0, 1, 0.06
1562989984, 392, 249, 288, 288, 69, 2.42%, 0, 0, 1, 0.30
1562990008, 392, 261, 288, 288, 69, 2.42%, 0, 0, 1, 0.04
1562990050, 392, 282, 288, 288, 69, 2.42%, 0, 0, 1, 0.04
1562990060, 393, 0, 288, 288, 69, 2.42%, 0, 0, 1, 0.00
1562990074, 393, 6, 289, 289, 69, 2.42%, 0, 0, 1, 0.07
1562990104, 393, 21, 289, 289, 69, 2.42%, 0, 0, 1, 0.09
1562990146, 393, 42, 289, 289, 69, 2.42%, 0, 0, 1, 0.08
1562990230, 393, 84, 290, 290, 69, 2.42%, 0, 0, 1, 0.01
1562990236, 393, 87, 290, 290, 69, 2.42%, 0, 0, 1, 1.49
1562990284, 393, 111, 290, 290, 69, 2.42%, 0, 0, 1, 0.02
1562990290, 393, 114, 290, 290, 69, 2.42%, 0, 0, 1, 0.17
1562990640, 394, 0, 290, 290, 69, 2.42%, 0, 0, 1, 0.00
1562990928, 394, 143, 291, 291, 69, 2.42%, 0, 0, 1, 0.00
1562990988, 394, 173, 291, 291, 70, 2.42%, 0, 0, 1, 0.15
1562991066, 394, 212, 292, 292, 70, 2.42%, 0, 0, 1, 0.01
1562991086, 394, 222, 292, 292, 70, 2.42%, 0, 0, 1, 0.45
1562991116, 394, 237, 292, 292, 70, 2.42%, 0, 0, 1, 0.07
1562991224, 395, 0, 292, 292, 70, 2.42%, 0, 0, 1, 0.00
1562991350, 395, 62, 293, 293, 70, 2.42%, 0, 0, 1, 0.01
1562991428, 395, 101, 293, 293, 70, 2.42%, 0, 0, 1, 0.12
1562991452, 395, 113, 293, 293, 70, 2.42%, 0, 0, 1, 0.11
1562991758, 395, 266, 294, 294, 70, 2.42%, 0, 0, 1, 0.00
1562991770, 395, 272, 294, 294, 69, 2.42%, 0, 0, 1, 0.75
1562991813, 396, 0, 294, 294, 69, 2.42%, 0, 0, 1, 0.00
1562992401, 397, 0, 294, 294, 69, 2.42%, 0, 0, 1, 0.00
1562992605, 397, 101, 294, 294, 69, 2.42%, 0, 0, 1, 0.00
1562992990, 398, 0, 294, 294, 69, 2.42%, 0, 0, 1, 0.00
1562993578, 399, 0, 294, 294, 69, 2.42%, 0, 0, 1, 0.00
1562993908, 399, 164, 295, 295, 69, 2.42%, 0, 0, 1, 0.00
1562993950, 399, 185, 295, 295, 69, 2.42%, 0, 0, 1, 0.21
1562993968, 399, 194, 295, 295, 69, 2.42%, 0, 0, 1, 0.20
1562994168, 400, 0, 295, 295, 69, 2.42%, 0, 0, 1, 0.00
1562994758, 401, 0, 295, 295, 69, 2.42%, 0, 0, 1, 0.00
1562995319, 401, 279, 295, 295, 69, 2.42%, 0, 0, 1, 0.00
1562995325, 401, 282, 296, 296, 69, 2.42%, 0, 0, 1, 0.17
1562995351, 402, 0, 296, 296, 68, 2.42%, 0, 0, 1, 0.18
1562995385, 402, 16, 298, 298, 68, 2.42%, 0, 0, 1, 0.19
1562995457, 402, 52, 298, 298, 68, 2.42%, 0, 0, 1, 0.18
1562995721, 402, 184, 298, 298, 68, 2.42%, 0, 0, 1, 0.00
1562995727, 402, 187, 299, 299, 68, 2.42%, 0, 0, 1, 0.50
1562995949, 403, 0, 299, 299, 67, 2.42%, 0, 0, 1, 0.04
1562996453, 403, 251, 300, 300, 67, 2.42%, 0, 0, 1, 0.00
1562996549, 404, 0, 300, 300, 67, 2.42%, 0, 0, 1, 0.08
1562996598, 404, 23, 300, 300, 67, 2.42%, 0, 0, 1, 0.08
1562997012, 404, 230, 300, 300, 67, 2.42%, 0, 0, 1, 0.00
1562997150, 405, 0, 300, 300, 67, 2.42%, 0, 0, 1, 0.00
1562997751, 406, 0, 300, 300, 67, 2.42%, 0, 0, 1, 0.00
1562998351, 407, 0, 300, 300, 67, 2.42%, 0, 0, 1, 0.00
1562998377, 407, 12, 301, 301, 67, 2.42%, 0, 0, 1, 0.04
1562998395, 407, 21, 301, 301, 68, 2.42%, 0, 0, 1, 0.50
1562998419, 407, 33, 301, 301, 68, 2.42%, 0, 0, 1, 0.04
1562998953, 408, 0, 301, 301, 68, 2.42%, 0, 0, 1, 0.00
1562999556, 409, 0, 301, 301, 68, 2.42%, 0, 0, 1, 0.00
1563000158, 410, 0, 301, 301, 68, 2.42%, 0, 0, 1, 0.00
1563000761, 411, 0, 301, 301, 68, 2.42%, 0, 0, 1, 0.00
1563001363, 412, 0, 301, 301, 68, 2.42%, 0, 0, 1, 0.00
1563001517, 412, 76, 302, 302, 68, 2.42%, 0, 0, 1, 0.01
1563001523, 412, 79, 302, 302, 68, 2.42%, 0, 0, 1, 1.50
1563001535, 412, 85, 302, 302, 68, 2.42%, 0, 0, 1, 0.08
1563001967, 413, 0, 302, 302, 68, 2.42%, 0, 0, 1, 0.00
1563002572, 414, 0, 302, 302, 68, 2.42%, 0, 0, 1, 0.00
1563003176, 415, 0, 302, 302, 68, 2.42%, 0, 0, 1, 0.00
1563003781, 416, 0, 302, 302, 68, 2.42%, 0, 0, 1, 0.00
1563004385, 417, 0, 302, 302, 68, 2.42%, 0, 0, 1, 0.00
1563004405, 417, 9, 303, 303, 68, 2.42%, 0, 0, 1, 0.05
1563004411, 417, 12, 303, 303, 68, 2.42%, 0, 0, 1, 1.50
1563004423, 417, 18, 303, 303, 68, 2.42%, 0, 0, 1, 0.08
1563004991, 418, 0, 303, 303, 68, 2.42%, 0, 0, 1, 0.00
1563005597, 419, 0, 303, 303, 68, 2.42%, 0, 0, 1, 0.00
1563006203, 420, 0, 303, 303, 68, 2.42%, 0, 0, 1, 0.00
1563006810, 421, 0, 303, 303, 68, 2.42%, 0, 0, 1, 0.00
1563007416, 422, 0, 303, 303, 68, 2.42%, 0, 0, 1, 0.00
1563008022, 423, 0, 303, 303, 68, 2.42%, 0, 0, 1, 0.00
1563008628, 424, 0, 303, 303, 68, 2.42%, 0, 0, 1, 0.00
1563009235, 425, 0, 303, 303, 68, 2.42%, 0, 0, 1, 0.00
1563009841, 426, 0, 303, 303, 68, 2.42%, 0, 0, 1, 0.00
1563010448, 427, 0, 303, 303, 68, 2.42%, 0, 0, 1, 0.00
1563011054, 428, 0, 303, 303, 68, 2.42%, 0, 0, 1, 0.00
1563011661, 429, 0, 303, 303, 68, 2.42%, 0, 0, 1, 0.00
1563012268, 430, 0, 303, 303, 68, 2.42%, 0, 0, 1, 0.00
1563012874, 431, 0, 303, 303, 68, 2.42%, 0, 0, 1, 0.00
1563013481, 432, 0, 303, 303, 68, 2.42%, 0, 0, 1, 0.00
1563014087, 433, 0, 303, 303, 68, 2.42%, 0, 0, 1, 0.00
1563014693, 434, 0, 303, 303, 68, 2.42%, 0, 0, 1, 0.00
1563015300, 435, 0, 303, 303, 68, 2.42%, 0, 0, 1, 0.00
1563015906, 436, 0, 303, 303, 68, 2.42%, 0, 0, 1, 0.00
1563016512, 437, 0, 303, 303, 68, 2.42%, 0, 0, 1, 0.00
1563017118, 438, 0, 303, 303, 68, 2.42%, 0, 0, 1, 0.00
1563017724, 439, 0, 303, 303, 68, 2.42%, 0, 0, 1, 0.00
1563018331, 440, 0, 303, 303, 68, 2.42%, 0, 0, 1, 0.00
1563018938, 441, 0, 303, 303, 68, 2.42%, 0, 0, 1, 0.00
1563019545, 442, 0, 303, 303, 68, 2.42%, 0, 0, 1, 0.00
1563020151, 443, 0, 303, 303, 68, 2.42%, 0, 0, 1, 0.00
1563020757, 444, 0, 303, 303, 68, 2.42%, 0, 0, 1, 0.00
1563021363, 445, 0, 303, 303, 68, 2.42%, 0, 0, 1, 0.00
1563021970, 446, 0, 303, 303, 68, 2.42%, 0, 0, 1, 0.00
1563022576, 447, 0, 303, 303, 68, 2.42%, 0, 0, 1, 0.00
1563023183, 448, 0, 303, 303, 68, 2.42%, 0, 0, 1, 0.00
1563023789, 449, 0, 303, 303, 68, 2.42%, 0, 0, 1, 0.00
1563024395, 450, 0, 303, 303, 68, 2.42%, 0, 0, 1, 0.00
1563025001, 451, 0, 303, 303, 68, 2.42%, 0, 0, 1, 0.00
1563025607, 452, 0, 303, 303, 68, 2.42%, 0, 0, 1, 0.00
1563026214, 453, 0, 303, 303, 68, 2.42%, 0, 0, 1, 0.00
1563026820, 454, 0, 303, 303, 68, 2.42%, 0, 0, 1, 0.00
1563027426, 455, 0, 303, 303, 68, 2.42%, 0, 0, 1, 0.00
1563028032, 456, 0, 303, 303, 68, 2.42%, 0, 0, 1, 0.00
1563028639, 457, 0, 303, 303, 68, 2.42%, 0, 0, 1, 0.00
1563029245, 458, 0, 303, 303, 68, 2.42%, 0, 0, 1, 0.00
1563029852, 459, 0, 303, 303, 68, 2.42%, 0, 0, 1, 0.00
1563030458, 460, 0, 303, 303, 68, 2.42%, 0, 0, 1, 0.00
1563031064, 461, 0, 303, 303, 68, 2.42%, 0, 0, 1, 0.00
1563031671, 462, 0, 303, 303, 68, 2.42%, 0, 0, 1, 0.00
1563032277, 463, 0, 303, 303, 68, 2.42%, 0, 0, 1, 0.00
1563032884, 464, 0, 303, 303, 68, 2.42%, 0, 0, 1, 0.00
1563032966, 464, 40, 304, 304, 68, 2.42%, 0, 0, 1, 0.01
1563033008, 464, 61, 304, 304, 68, 2.42%, 0, 0, 1, 0.21
1563033014, 464, 64, 305, 305, 68, 2.42%, 0, 0, 1, 0.21
1563033020, 464, 67, 305, 305, 68, 2.42%, 0, 0, 1, 1.48
1563033342, 464, 228, 305, 305, 68, 2.42%, 0, 0, 1, 0.00
1563033494, 465, 0, 305, 305, 68, 2.42%, 0, 0, 1, 0.00
1563033694, 465, 99, 306, 306, 68, 2.42%, 0, 0, 1, 0.00
1563033718, 465, 111, 307, 307, 68, 2.42%, 0, 0, 1, 0.37
1563033730, 465, 117, 308, 308, 68, 2.42%, 0, 0, 1, 0.40
1563034046, 465, 275, 309, 309, 68, 2.42%, 0, 0, 1, 0.03
1563034090, 465, 297, 309, 309, 68, 2.42%, 0, 0, 1, 0.20
1563034096, 465, 300, 309, 309, 68, 2.42%, 0, 0, 1, 0.20
1563034112, 466, 0, 309, 309, 68, 2.42%, 0, 0, 1, 0.19
1563034127, 466, 6, 309, 309, 68, 2.42%, 0, 0, 1, 0.19
1563034731, 467, 0, 309, 309, 68, 2.42%, 0, 0, 1, 0.00
1563034763, 467, 15, 310, 310, 68, 2.42%, 0, 0, 1, 0.48
1563034775, 467, 21, 311, 311, 68, 2.42%, 0, 0, 1, 0.08
1563034787, 467, 27, 311, 311, 68, 2.42%, 0, 0, 1, 0.83
1563034813, 467, 40, 311, 311, 68, 2.42%, 0, 0, 1, 0.04
1563035353, 468, 0, 311, 311, 68, 2.42%, 0, 0, 1, 0.00
1563035976, 469, 0, 311, 311, 68, 2.42%, 0, 0, 1, 0.00
1563036598, 470, 0, 311, 311, 68, 2.42%, 0, 0, 1, 0.00
1563037221, 471, 0, 311, 311, 68, 2.42%, 0, 0, 1, 0.00
1563037844, 472, 0, 311, 311, 68, 2.42%, 0, 0, 1, 0.00
1563038466, 473, 0, 311, 311, 68, 2.42%, 0, 0, 1, 0.00
1563039089, 474, 0, 311, 311, 68, 2.42%, 0, 0, 1, 0.00
1563039711, 475, 0, 311, 311, 68, 2.42%, 0, 0, 1, 0.00
1563040333, 476, 0, 311, 311, 68, 2.42%, 0, 0, 1, 0.00
1563040956, 477, 0, 311, 311, 68, 2.42%, 0, 0, 1, 0.00
1563041579, 478, 0, 311, 311, 68, 2.42%, 0, 0, 1, 0.00
1563042201, 479, 0, 311, 311, 68, 2.42%, 0, 0, 1, 0.00
1563042823, 480, 0, 311, 311, 68, 2.42%, 0, 0, 1, 0.00
1563043446, 481, 0, 311, 311, 68, 2.42%, 0, 0, 1, 0.00
1563044069, 482, 0, 311, 311, 68, 2.42%, 0, 0, 1, 0.00
1563044691, 483, 0, 311, 311, 68, 2.42%, 0, 0, 1, 0.00
1563045313, 484, 0, 311, 311, 68, 2.42%, 0, 0, 1, 0.00
1563045935, 485, 0, 311, 311, 68, 2.42%, 0, 0, 1, 0.00
1563046557, 486, 0, 311, 311, 68, 2.42%, 0, 0, 1, 0.00
1563047180, 487, 0, 311, 311, 68, 2.42%, 0, 0, 1, 0.00
1563047803, 488, 0, 311, 311, 68, 2.42%, 0, 0, 1, 0.00
1563048426, 489, 0, 311, 311, 68, 2.42%, 0, 0, 1, 0.00
1563049049, 490, 0, 311, 311, 68, 2.42%, 0, 0, 1, 0.00
1563049671, 491, 0, 311, 311, 68, 2.42%, 0, 0, 1, 0.00
1563050294, 492, 0, 311, 311, 68, 2.42%, 0, 0, 1, 0.00
1563050916, 493, 0, 311, 311, 68, 2.42%, 0, 0, 1, 0.00
1563051538, 494, 0, 311, 311, 68, 2.42%, 0, 0, 1, 0.00
1563052160, 495, 0, 311, 311, 68, 2.42%, 0, 0, 1, 0.00
1563052783, 496, 0, 311, 311, 68, 2.42%, 0, 0, 1, 0.00
1563053405, 497, 0, 311, 311, 68, 2.42%, 0, 0, 1, 0.00
1563054028, 498, 0, 311, 311, 68, 2.42%, 0, 0, 1, 0.00
1563054651, 499, 0, 311, 311, 68, 2.42%, 0, 0, 1, 0.00
1563055273, 500, 0, 311, 311, 68, 2.42%, 0, 0, 1, 0.00
1563055896, 501, 0, 311, 311, 68, 2.42%, 0, 0, 1, 0.00
1563056519, 502, 0, 311, 311, 68, 2.42%, 0, 0, 1, 0.00
1563057142, 503, 0, 311, 311, 68, 2.42%, 0, 0, 1, 0.00
1563057764, 504, 0, 311, 311, 68, 2.42%, 0, 0, 1, 0.00
1563058386, 505, 0, 311, 311, 68, 2.42%, 0, 0, 1, 0.00
1563059009, 506, 0, 311, 311, 68, 2.42%, 0, 0, 1, 0.00
1563059631, 507, 0, 311, 311, 68, 2.42%, 0, 0, 1, 0.00
1563060254, 508, 0, 311, 311, 68, 2.42%, 0, 0, 1, 0.00
1563060876, 509, 0, 311, 311, 68, 2.42%, 0, 0, 1, 0.00
1563061498, 510, 0, 311, 311, 68, 2.42%, 0, 0, 1, 0.00
1563062121, 511, 0, 311, 311, 68, 2.42%, 0, 0, 1, 0.00
1563062743, 512, 0, 311, 311, 68, 2.42%, 0, 0, 1, 0.00
1563063365, 513, 0, 311, 311, 68, 2.42%, 0, 0, 1, 0.00
1563063988, 514, 0, 311, 311, 68, 2.42%, 0, 0, 1, 0.00
1563064610, 515, 0, 311, 311, 68, 2.42%, 0, 0, 1, 0.00
1563065232, 516, 0, 311, 311, 68, 2.42%, 0, 0, 1, 0.00
1563065854, 517, 0, 311, 311, 68, 2.42%, 0, 0, 1, 0.00
1563066328, 517, 236, 312, 312, 68, 2.42%, 0, 0, 1, 0.00
1563066382, 517, 263, 312, 312, 68, 2.42%, 0, 0, 1, 0.17
1563066479, 518, 0, 312, 312, 68, 2.42%, 0, 0, 1, 0.00
1563066929, 518, 224, 312, 312, 68, 2.42%, 0, 0, 1, 0.00
1563067103, 519, 0, 312, 312, 68, 2.42%, 0, 0, 1, 0.00
1563067727, 520, 0, 312, 312, 68, 2.42%, 0, 0, 1, 0.00
1563068352, 521, 0, 312, 312, 68, 2.42%, 0, 0, 1, 0.00
1563068976, 522, 0, 312, 312, 68, 2.42%, 0, 0, 1, 0.00
1563069600, 523, 0, 312, 312, 68, 2.42%, 0, 0, 1, 0.00
1563070225, 524, 0, 312, 312, 68, 2.42%, 0, 0, 1, 0.00
1563070849, 525, 0, 312, 312, 68, 2.42%, 0, 0, 1, 0.00
1563071474, 526, 0, 312, 312, 68, 2.42%, 0, 0, 1, 0.00
1563072098, 527, 0, 312, 312, 68, 2.42%, 0, 0, 1, 0.00
1563072723, 528, 0, 312, 312, 68, 2.42%, 0, 0, 1, 0.00
1563073347, 529, 0, 312, 312, 68, 2.42%, 0, 0, 1, 0.00
1563073971, 530, 0, 312, 312, 68, 2.42%, 0, 0, 1, 0.00
1563074532, 530, 279, 313, 313, 68, 2.42%, 0, 0, 1, 0.00
1563074594, 530, 310, 313, 313, 68, 2.42%, 0, 0, 1, 0.14
1563074600, 531, 0, 313, 313, 68, 2.42%, 0, 0, 1, 0.49
1563075224, 532, 0, 313, 313, 68, 2.42%, 0, 0, 1, 0.00
1563075813, 532, 293, 314, 314, 68, 2.42%, 0, 0, 1, 0.00
1563075837, 532, 305, 314, 314, 68, 2.42%, 0, 0, 1, 0.37
1563075843, 532, 308, 314, 314, 68, 2.42%, 0, 0, 1, 0.36
1563075853, 533, 0, 314, 314, 68, 2.42%, 0, 0, 1, 0.00
1563076481, 534, 0, 314, 314, 68, 2.42%, 0, 0, 1, 0.00
1563077110, 535, 0, 314, 314, 68, 2.42%, 0, 0, 1, 0.00
1563077738, 536, 0, 314, 314, 68, 2.42%, 0, 0, 1, 0.00
1563078167, 536, 213, 315, 315, 68, 2.42%, 0, 0, 1, 0.00
1563078191, 536, 225, 315, 315, 68, 2.42%, 0, 0, 1, 0.37
1563078369, 537, 0, 315, 315, 68, 2.42%, 0, 0, 1, 0.01
1563079000, 538, 0, 315, 315, 68, 2.42%, 0, 0, 1, 0.00
1563079630, 539, 0, 315, 315, 68, 2.42%, 0, 0, 1, 0.00
1563080261, 540, 0, 315, 315, 68, 2.42%, 0, 0, 1, 0.00
1563080892, 541, 0, 315, 315, 68, 2.42%, 0, 0, 1, 0.00
1563081522, 542, 0, 315, 315, 68, 2.42%, 0, 0, 1, 0.00
1563082153, 543, 0, 315, 315, 68, 2.42%, 0, 0, 1, 0.00
1563082783, 544, 0, 315, 315, 68, 2.42%, 0, 0, 1, 0.00
1563083414, 545, 0, 315, 315, 68, 2.42%, 0, 0, 1, 0.00
1563084045, 546, 0, 315, 315, 68, 2.42%, 0, 0, 1, 0.00
1563084675, 547, 0, 315, 315, 68, 2.42%, 0, 0, 1, 0.00
1563085306, 548, 0, 315, 315, 68, 2.42%, 0, 0, 1, 0.00
1563085937, 549, 0, 315, 315, 68, 2.42%, 0, 0, 1, 0.00
1563086568, 550, 0, 315, 315, 68, 2.42%, 0, 0, 1, 0.00
1563087198, 551, 0, 315, 315, 68, 2.42%, 0, 0, 1, 0.00
1563087828, 552, 0, 315, 315, 68, 2.42%, 0, 0, 1, 0.00
1563088458, 553, 0, 315, 315, 68, 2.42%, 0, 0, 1, 0.00
1563089089, 554, 0, 315, 315, 68, 2.42%, 0, 0, 1, 0.00
1563089719, 555, 0, 315, 315, 68, 2.42%, 0, 0, 1, 0.00
1563090350, 556, 0, 315, 315, 68, 2.42%, 0, 0, 1, 0.00
1563090981, 557, 0, 315, 315, 68, 2.42%, 0, 0, 1, 0.00
1563091612, 558, 0, 315, 315, 68, 2.42%, 0, 0, 1, 0.00
1563092242, 559, 0, 315, 315, 68, 2.42%, 0, 0, 1, 0.00
1563092872, 560, 0, 315, 315, 68, 2.42%, 0, 0, 1, 0.00
1563093502, 561, 0, 315, 315, 68, 2.42%, 0, 0, 1, 0.00
1563094133, 562, 0, 315, 315, 68, 2.42%, 0, 0, 1, 0.00
1563094763, 563, 0, 315, 315, 68, 2.42%, 0, 0, 1, 0.00
1563095394, 564, 0, 315, 315, 68, 2.42%, 0, 0, 1, 0.00
1563096025, 565, 0, 315, 315, 68, 2.42%, 0, 0, 1, 0.00
1563096655, 566, 0, 315, 315, 68, 2.42%, 0, 0, 1, 0.00
1563097286, 567, 0, 315, 315, 68, 2.42%, 0, 0, 1, 0.00
1563097916, 568, 0, 315, 315, 68, 2.42%, 0, 0, 1, 0.00
1563098546, 569, 0, 315, 315, 68, 2.42%, 0, 0, 1, 0.00
1563099177, 570, 0, 315, 315, 68, 2.42%, 0, 0, 1, 0.00
1563099808, 571, 0, 315, 315, 68, 2.42%, 0, 0, 1, 0.00
1563100439, 572, 0, 315, 315, 68, 2.42%, 0, 0, 1, 0.00
1563101069, 573, 0, 315, 315, 68, 2.42%, 0, 0, 1, 0.00
1563101699, 574, 0, 315, 315, 68, 2.42%, 0, 0, 1, 0.00
1563102330, 575, 0, 315, 315, 68, 2.42%, 0, 0, 1, 0.00
1563102960, 576, 0, 315, 315, 68, 2.42%, 0, 0, 1, 0.00
1563103590, 577, 0, 315, 315, 68, 2.42%, 0, 0, 1, 0.00
1563104221, 578, 0, 315, 315, 68, 2.42%, 0, 0, 1, 0.00
1563104851, 579, 0, 315, 315, 68, 2.42%, 0, 0, 1, 0.00
1563105482, 580, 0, 315, 315, 68, 2.42%, 0, 0, 1, 0.00
1563106112, 581, 0, 315, 315, 68, 2.42%, 0, 0, 1, 0.00
1563106172, 581, 29, 315, 315, 68, 2.42%, 0, 0, 1, 0.02
1563106743, 582, 0, 315, 315, 68, 2.42%, 0, 0, 1, 0.00
1563107374, 583, 0, 315, 315, 68, 2.42%, 0, 0, 1, 0.00
1563108004, 584, 0, 315, 315, 68, 2.42%, 0, 0, 1, 0.00
1563108635, 585, 0, 315, 315, 68, 2.42%, 0, 0, 1, 0.00
1563109266, 586, 0, 315, 315, 68, 2.42%, 0, 0, 1, 0.00
1563109896, 587, 0, 315, 315, 68, 2.42%, 0, 0, 1, 0.00
1563110526, 588, 0, 315, 315, 68, 2.42%, 0, 0, 1, 0.00
1563111157, 589, 0, 315, 315, 68, 2.42%, 0, 0, 1, 0.00
1563111787, 590, 0, 315, 315, 68, 2.42%, 0, 0, 1, 0.00
1563112417, 591, 0, 315, 315, 68, 2.42%, 0, 0, 1, 0.00
1563113048, 592, 0, 315, 315, 68, 2.42%, 0, 0, 1, 0.00
1563113678, 593, 0, 315, 315, 68, 2.42%, 0, 0, 1, 0.00
1563114308, 594, 0, 315, 315, 68, 2.42%, 0, 0, 1, 0.00
1563114939, 595, 0, 315, 315, 68, 2.42%, 0, 0, 1, 0.00
1563115569, 596, 0, 315, 315, 68, 2.42%, 0, 0, 1, 0.00
1563116200, 597, 0, 315, 315, 68, 2.42%, 0, 0, 1, 0.00
1563116830, 598, 0, 315, 315, 68, 2.42%, 0, 0, 1, 0.00
1563117461, 599, 0, 315, 315, 68, 2.42%, 0, 0, 1, 0.00
1563118091, 600, 0, 315, 315, 68, 2.42%, 0, 0, 1, 0.00
1563118721, 601, 0, 315, 315, 68, 2.42%, 0, 0, 1, 0.00
1563119351, 602, 0, 315, 315, 68, 2.42%, 0, 0, 1, 0.00
1563119981, 603, 0, 315, 315, 68, 2.42%, 0, 0, 1, 0.00
1563120612, 604, 0, 315, 315, 68, 2.42%, 0, 0, 1, 0.00
1563121243, 605, 0, 315, 315, 68, 2.42%, 0, 0, 1, 0.00
1563121873, 606, 0, 315, 315, 68, 2.42%, 0, 0, 1, 0.00
1563122504, 607, 0, 315, 315, 68, 2.42%, 0, 0, 1, 0.00
1563123134, 608, 0, 315, 315, 68, 2.42%, 0, 0, 1, 0.00
1563123765, 609, 0, 315, 315, 68, 2.42%, 0, 0, 1, 0.00
1563124396, 610, 0, 315, 315, 68, 2.42%, 0, 0, 1, 0.00
1563125026, 611, 0, 315, 315, 68, 2.42%, 0, 0, 1, 0.00
1563125657, 612, 0, 315, 315, 68, 2.42%, 0, 0, 1, 0.00
1563126287, 613, 0, 315, 315, 68, 2.42%, 0, 0, 1, 0.00
1563126918, 614, 0, 315, 315, 68, 2.42%, 0, 0, 1, 0.00
1563127548, 615, 0, 315, 315, 68, 2.42%, 0, 0, 1, 0.00
1563128179, 616, 0, 315, 315, 68, 2.42%, 0, 0, 1, 0.00
1563128809, 617, 0, 315, 315, 68, 2.42%, 0, 0, 1, 0.00
1563129439, 618, 0, 315, 315, 68, 2.42%, 0, 0, 1, 0.00
1563130070, 619, 0, 315, 315, 68, 2.42%, 0, 0, 1, 0.00
1563130700, 620, 0, 315, 315, 68, 2.42%, 0, 0, 1, 0.00
1563131330, 621, 0, 315, 315, 68, 2.42%, 0, 0, 1, 0.00
1563131960, 622, 0, 315, 315, 68, 2.42%, 0, 0, 1, 0.00
1563132573, 622, 305, 316, 316, 68, 2.42%, 0, 0, 1, 0.00
1563132593, 623, 0, 316, 316, 68, 2.42%, 0, 0, 1, 0.40
1563132627, 623, 16, 316, 316, 68, 2.42%, 0, 0, 1, 0.03
1563132639, 623, 22, 316, 316, 68, 2.42%, 0, 0, 1, 0.03
1563133225, 624, 0, 316, 316, 68, 2.42%, 0, 0, 1, 0.00
1563133858, 625, 0, 316, 316, 68, 2.42%, 0, 0, 1, 0.00
1563134490, 626, 0, 316, 316, 68, 2.42%, 0, 0, 1, 0.00
1563134842, 626, 175, 317, 317, 68, 2.42%, 0, 0, 1, 0.00
1563134908, 626, 208, 317, 317, 68, 2.42%, 0, 0, 1, 0.14
1563134914, 626, 211, 317, 317, 68, 2.42%, 0, 0, 1, 0.14
1563135124, 627, 0, 317, 317, 68, 2.42%, 0, 0, 1, 0.00
1563135758, 628, 0, 317, 317, 68, 2.42%, 0, 0, 1, 0.00
1563136393, 629, 0, 317, 317, 68, 2.42%, 0, 0, 1, 0.00
1563137027, 630, 0, 317, 317, 68, 2.42%, 0, 0, 1, 0.00
1563137661, 631, 0, 317, 317, 68, 2.42%, 0, 0, 1, 0.00
1563138295, 632, 0, 317, 317, 68, 2.42%, 0, 0, 1, 0.00
1563138929, 633, 0, 317, 317, 68, 2.42%, 0, 0, 1, 0.00
1563139564, 634, 0, 317, 317, 68, 2.42%, 0, 0, 1, 0.00
1563140198, 635, 0, 317, 317, 68, 2.42%, 0, 0, 1, 0.00
1563140833, 636, 0, 317, 317, 68, 2.42%, 0, 0, 1, 0.00
1563141467, 637, 0, 317, 317, 68, 2.42%, 0, 0, 1, 0.00
1563141914, 637, 222, 318, 318, 68, 2.44%, 0, 0, 1, 0.00
1563141926, 637, 228, 319, 319, 69, 2.44%, 0, 0, 1, 0.75
1563141932, 637, 231, 320, 320, 68, 2.44%, 0, 0, 1, 0.79
1563141950, 637, 240, 326, 326, 68, 2.44%, 0, 0, 1, 0.94
1563141956, 637, 243, 326, 326, 68, 2.44%, 0, 0, 1, 0.97
1563141962, 637, 246, 327, 327, 68, 2.44%, 0, 0, 1, 0.95
1563141976, 637, 253, 328, 328, 68, 2.44%, 0, 0, 1, 0.95
1563142031, 637, 280, 328, 328, 68, 2.44%, 0, 0, 1, 0.17
1563142055, 637, 292, 329, 329, 68, 2.44%, 0, 0, 1, 0.16
1563142061, 637, 295, 330, 330, 68, 2.44%, 0, 0, 1, 1.49
1563142115, 637, 322, 330, 330, 69, 2.44%, 0, 0, 1, 0.18
1563142129, 638, 0, 330, 330, 69, 2.44%, 0, 0, 1, 0.18
1563142163, 638, 16, 330, 330, 69, 2.44%, 0, 0, 1, 0.03
1563142169, 638, 19, 330, 330, 69, 2.44%, 0, 0, 1, 0.33
1563142181, 638, 25, 330, 330, 69, 2.44%, 0, 0, 1, 0.32
1563142187, 638, 28, 330, 330, 69, 2.44%, 0, 0, 1, 0.31
1563142193, 638, 31, 330, 330, 69, 2.44%, 0, 0, 1, 0.31
1563142205, 638, 37, 330, 330, 69, 2.44%, 0, 0, 1, 0.30
1563142223, 638, 46, 330, 330, 69, 2.44%, 0, 0, 1, 0.06
1563142790, 639, 0, 330, 330, 69, 2.44%, 0, 0, 1, 0.00
1563143450, 640, 0, 330, 330, 69, 2.44%, 0, 0, 1, 0.00
1563144110, 641, 0, 330, 330, 69, 2.44%, 0, 0, 1, 0.00
1563144771, 642, 0, 330, 330, 69, 2.44%, 0, 0, 1, 0.00
1563145431, 643, 0, 330, 330, 69, 2.44%, 0, 0, 1, 0.00
1563146091, 644, 0, 330, 330, 69, 2.44%, 0, 0, 1, 0.00
1563146752, 645, 0, 330, 330, 69, 2.44%, 0, 0, 1, 0.00
1563147412, 646, 0, 330, 330, 69, 2.44%, 0, 0, 1, 0.00
1563148072, 647, 0, 330, 330, 69, 2.44%, 0, 0, 1, 0.00
1563148733, 648, 0, 330, 330, 69, 2.44%, 0, 0, 1, 0.00
1563149393, 649, 0, 330, 330, 69, 2.44%, 0, 0, 1, 0.00
1563150054, 650, 0, 330, 330, 69, 2.44%, 0, 0, 1, 0.00
1563150715, 651, 0, 330, 330, 69, 2.44%, 0, 0, 1, 0.00
1563151375, 652, 0, 330, 330, 69, 2.44%, 0, 0, 1, 0.00
1563152036, 653, 0, 330, 330, 69, 2.44%, 0, 0, 1, 0.00
1563152370, 653, 166, 331, 331, 69, 2.44%, 0, 0, 1, 0.00
1563152388, 653, 175, 332, 332, 70, 2.44%, 0, 0, 1, 0.50
1563152394, 653, 178, 333, 333, 70, 2.44%, 0, 0, 1, 0.56
1563152400, 653, 181, 333, 333, 70, 2.44%, 0, 0, 1, 0.62
1563152448, 653, 205, 333, 333, 70, 2.44%, 0, 0, 1, 0.04
1563152616, 653, 289, 333, 333, 70, 2.44%, 0, 0, 1, 0.04
1563152622, 653, 292, 334, 334, 70, 2.44%, 0, 0, 1, 0.05
1563152628, 653, 295, 335, 335, 70, 2.44%, 0, 0, 1, 1.49
1563152640, 653, 301, 335, 335, 70, 2.44%, 0, 0, 1, 1.45
1563152670, 653, 316, 335, 335, 70, 2.44%, 0, 0, 1, 0.03
1563152706, 654, 0, 335, 335, 70, 2.44%, 0, 0, 1, 0.00
1563152766, 654, 29, 336, 336, 70, 2.44%, 0, 0, 1, 0.02
1563152797, 654, 44, 336, 336, 70, 2.44%, 0, 0, 1, 0.30
1563152833, 654, 62, 336, 336, 70, 2.44%, 0, 0, 1, 0.03
1563153379, 655, 0, 336, 336, 70, 2.44%, 0, 0, 1, 0.00
1563154051, 656, 0, 336, 336, 70, 2.44%, 0, 0, 1, 0.00
1563154604, 656, 275, 337, 337, 70, 2.44%, 0, 0, 1, 0.00
1563154664, 656, 305, 337, 337, 70, 2.44%, 0, 0, 1, 0.15
1563154726, 657, 0, 337, 337, 70, 2.44%, 0, 0, 1, 0.02
1563155400, 658, 0, 337, 337, 70, 2.44%, 0, 0, 1, 0.00
1563156075, 659, 0, 337, 337, 70, 2.44%, 0, 0, 1, 0.00
1563156750, 660, 0, 337, 337, 70, 2.44%, 0, 0, 1, 0.00
1563157058, 660, 153, 338, 338, 70, 2.44%, 0, 0, 1, 0.00
1563157070, 660, 159, 338, 338, 70, 2.44%, 0, 0, 1, 0.75
1563157124, 660, 186, 339, 339, 70, 2.44%, 0, 0, 1, 0.02
1563157142, 660, 195, 339, 339, 70, 2.44%, 0, 0, 1, 0.50
1563157178, 660, 213, 339, 339, 70, 2.44%, 0, 0, 1, 0.06
1563157413, 660, 330, 340, 340, 70, 2.44%, 0, 0, 1, 0.00
1563157425, 660, 336, 342, 342, 70, 2.44%, 0, 0, 1, 1.49
1563157437, 661, 0, 343, 343, 70, 2.44%, 0, 0, 1, 1.50
1563157461, 661, 11, 343, 343, 70, 2.44%, 0, 0, 1, 0.04
1563157493, 661, 27, 343, 343, 70, 2.44%, 0, 0, 1, 0.05
1563158124, 662, 0, 343, 343, 70, 2.44%, 0, 0, 1, 0.00
1563158811, 663, 0, 343, 343, 70, 2.44%, 0, 0, 1, 0.00
1563159498, 664, 0, 343, 343, 70, 2.44%, 0, 0, 1, 0.00
1563160184, 665, 0, 343, 343, 70, 2.44%, 0, 0, 1, 0.00
1563160871, 666, 0, 343, 343, 70, 2.44%, 0, 0, 1, 0.00
1563161557, 667, 0, 343, 343, 70, 2.44%, 0, 0, 1, 0.00
1563162243, 668, 0, 343, 343, 70, 2.44%, 0, 0, 1, 0.00
1563162930, 669, 0, 343, 343, 70, 2.44%, 0, 0, 1, 0.00
1563163510, 669, 289, 344, 344, 70, 2.44%, 0, 0, 1, 0.00
1563163558, 669, 313, 344, 344, 70, 2.44%, 0, 0, 1, 0.19
1563163594, 669, 331, 344, 344, 70, 2.44%, 0, 0, 1, 0.03
1563163618, 670, 0, 344, 344, 70, 2.44%, 0, 0, 1, 0.00
1563164307, 671, 0, 344, 344, 70, 2.44%, 0, 0, 1, 0.00
1563164995, 672, 0, 344, 344, 70, 2.44%, 0, 0, 1, 0.00
1563165684, 673, 0, 344, 344, 70, 2.44%, 0, 0, 1, 0.00
1563166372, 674, 0, 344, 344, 70, 2.44%, 0, 0, 1, 0.00
1563167060, 675, 0, 344, 344, 70, 2.44%, 0, 0, 1, 0.00
1563167748, 676, 0, 344, 344, 70, 2.44%, 0, 0, 1, 0.00
1563168437, 677, 0, 344, 344, 70, 2.44%, 0, 0, 1, 0.00
1563169125, 678, 0, 344, 344, 70, 2.44%, 0, 0, 1, 0.00
1563169533, 678, 203, 345, 345, 70, 2.44%, 0, 0, 1, 0.00
1563169551, 678, 212, 345, 345, 70, 2.44%, 0, 0, 1, 0.50
1563169587, 678, 230, 345, 345, 70, 2.44%, 0, 0, 1, 0.03
1563169816, 679, 0, 345, 345, 70, 2.44%, 0, 0, 1, 0.00
1563170082, 679, 132, 346, 346, 70, 2.44%, 0, 0, 1, 0.00
1563170088, 679, 135, 346, 346, 70, 2.44%, 0, 0, 1, 1.50
1563170508, 680, 0, 346, 346, 70, 2.44%, 0, 0, 1, 0.00
1563171200, 681, 0, 346, 346, 70, 2.44%, 0, 0, 1, 0.00
1563171847, 681, 322, 346, 346, 70, 2.44%, 0, 0, 1, 0.00
1563171893, 682, 0, 346, 346, 70, 2.44%, 0, 0, 1, 0.00
1563171973, 682, 39, 347, 347, 70, 2.44%, 0, 0, 1, 0.01
1563172015, 682, 60, 347, 347, 70, 2.44%, 0, 0, 1, 0.21
1563172588, 683, 0, 347, 347, 70, 2.44%, 0, 0, 1, 0.00
1563173054, 683, 232, 348, 348, 70, 2.44%, 0, 0, 1, 0.00
1563173072, 683, 241, 348, 348, 70, 2.44%, 0, 0, 1, 0.50
1563173108, 683, 259, 348, 348, 70, 2.44%, 0, 0, 1, 0.03
1563173284, 684, 0, 348, 348, 70, 2.44%, 0, 0, 1, 0.00
1563173980, 685, 0, 348, 348, 70, 2.44%, 0, 0, 1, 0.00
1563174676, 686, 0, 348, 348, 70, 2.44%, 0, 0, 1, 0.00
1563175373, 687, 0, 348, 348, 70, 2.44%, 0, 0, 1, 0.00
1563176069, 688, 0, 348, 348, 70, 2.44%, 0, 0, 1, 0.00
1563176766, 689, 0, 348, 348, 70, 2.44%, 0, 0, 1, 0.00
1563177462, 690, 0, 348, 348, 70, 2.44%, 0, 0, 1, 0.00
1563178158, 691, 0, 348, 348, 70, 2.44%, 0, 0, 1, 0.00
1563178854, 692, 0, 348, 348, 70, 2.44%, 0, 0, 1, 0.00
1563179551, 693, 0, 348, 348, 70, 2.44%, 0, 0, 1, 0.00
1563180248, 694, 0, 348, 348, 70, 2.44%, 0, 0, 1, 0.00
