# unix_time, cycles_done, cur_path, paths_total, pending_total, pending_favs, map_size, unique_crashes, unique_hangs, max_depth, execs_per_sec
1563336106, 0, 0, 2, 2, 2, 0.47%, 0, 0, 1, 33.26
1563336116, 0, 0, 6, 6, 2, 0.49%, 0, 0, 2, 21.22
1563336122, 0, 0, 10, 10, 2, 0.50%, 0, 0, 2, 12.04
1563336132, 0, 0, 13, 13, 2, 0.51%, 0, 0, 2, 6.48
1563336137, 0, 0, 16, 16, 2, 0.58%, 0, 0, 2, 5.64
1563336142, 0, 0, 17, 17, 2, 0.60%, 0, 0, 2, 5.30
1563336158, 0, 0, 21, 21, 2, 0.66%, 0, 0, 2, 5.36
1563336163, 0, 0, 26, 26, 2, 0.67%, 0, 0, 2, 5.15
1563336199, 0, 0, 28, 28, 2, 0.67%, 0, 0, 2, 5.27
1563336204, 0, 0, 30, 30, 2, 0.69%, 0, 0, 2, 5.30
1563336209, 0, 0, 32, 32, 2, 0.70%, 0, 0, 2, 5.29
1563336220, 0, 0, 34, 34, 2, 0.70%, 0, 0, 2, 5.12
1563336509, 0, 0, 35, 35, 2, 0.70%, 0, 0, 2, 5.54
1563336525, 0, 0, 36, 36, 2, 0.70%, 0, 0, 2, 5.81
1563336634, 0, 0, 37, 37, 2, 0.70%, 0, 0, 2, 5.63
1563337032, 0, 0, 38, 38, 2, 0.71%, 0, 0, 2, 6.05
1563337053, 0, 0, 39, 39, 2, 0.72%, 0, 0, 2, 6.20
1563337506, 0, 0, 40, 40, 2, 0.72%, 0, 0, 2, 5.63
1563337521, 0, 0, 41, 41, 2, 0.72%, 0, 0, 2, 5.66
1563337527, 0, 0, 42, 42, 2, 0.72%, 0, 0, 2, 5.35
1563337636, 0, 0, 43, 43, 2, 0.72%, 0, 0, 2, 5.81
1563337651, 0, 0, 44, 44, 2, 0.73%, 0, 0, 2, 5.79
1563337698, 0, 0, 45, 45, 2, 0.73%, 0, 0, 2, 5.79
1563338031, 0, 0, 46, 46, 2, 0.77%, 0, 0, 2, 5.95
1563338762, 0, 0, 47, 47, 2, 0.78%, 0, 0, 2, 5.54
1563340333, 0, 0, 48, 48, 2, 0.85%, 0, 0, 2, 5.56
1563340349, 0, 0, 49, 49, 2, 0.86%, 0, 0, 2, 5.72
1563340503, 0, 0, 50, 50, 2, 0.86%, 0, 0, 2, 5.60
1563340628, 0, 0, 51, 51, 2, 0.87%, 0, 0, 2, 5.90
1563340819, 0, 0, 52, 52, 2, 0.87%, 0, 0, 2, 5.69
1563340829, 0, 0, 53, 53, 2, 0.87%, 0, 0, 2, 5.80
1563341092, 0, 0, 54, 54, 2, 0.89%, 0, 0, 2, 5.65
1563341098, 0, 0, 55, 55, 2, 0.90%, 0, 0, 2, 5.72
1563341263, 0, 0, 56, 56, 2, 0.90%, 0, 0, 2, 5.67
1563341273, 0, 0, 57, 57, 2, 0.90%, 0, 0, 2, 5.99
1563341448, 0, 0, 58, 58, 2, 0.90%, 0, 0, 2, 5.57
1563341582, 0, 0, 60, 60, 2, 0.90%, 0, 0, 2, 5.71
1563341588, 0, 0, 61, 61, 2, 0.90%, 0, 0, 2, 5.81
1563341639, 0, 0, 62, 62, 2, 0.90%, 0, 0, 2, 6.15
1563341891, 0, 0, 63, 63, 2, 0.90%, 0, 0, 2, 5.40
1563341963, 0, 0, 64, 64, 2, 0.92%, 0, 0, 2, 5.94
1563342067, 0, 0, 65, 65, 2, 0.92%, 0, 0, 2, 5.85
1563342077, 0, 0, 66, 66, 2, 0.92%, 0, 0, 2, 6.06
1563342170, 0, 0, 67, 67, 2, 0.93%, 0, 0, 2, 5.99
1563343156, 0, 0, 68, 68, 2, 0.93%, 0, 0, 2, 6.10
1563343162, 0, 0, 69, 69, 2, 0.94%, 0, 0, 2, 5.29
1563343244, 0, 0, 70, 70, 2, 0.94%, 0, 0, 2, 6.03
1563343316, 0, 0, 71, 71, 2, 0.94%, 0, 0, 2, 6.29
1563343567, 0, 0, 72, 72, 2, 0.94%, 0, 0, 2, 6.12
1563343645, 0, 0, 73, 73, 2, 0.94%, 0, 0, 2, 6.12
1563343660, 0, 0, 74, 74, 2, 0.94%, 0, 0, 2, 6.17
1563343804, 0, 0, 75, 75, 2, 0.96%, 0, 0, 2, 6.07
1563343846, 0, 0, 77, 77, 2, 0.96%, 0, 0, 2, 5.89
1563343866, 0, 0, 78, 78, 2, 0.96%, 0, 0, 2, 6.16
1563343871, 0, 0, 79, 79, 2, 0.96%, 0, 0, 2, 5.71
1563345692, 0, 0, 80, 80, 2, 0.99%, 0, 0, 2, 5.06
1563345702, 0, 0, 81, 81, 2, 0.99%, 0, 0, 2, 5.21
1563345707, 0, 0, 82, 82, 2, 0.99%, 0, 0, 2, 5.14
1563345717, 0, 0, 84, 84, 2, 0.99%, 0, 0, 2, 5.29
1563345723, 0, 0, 85, 85, 2, 0.99%, 0, 0, 2, 5.16
1563345728, 0, 0, 86, 86, 2, 1.02%, 0, 0, 2, 5.03
1563345748, 0, 0, 87, 87, 2, 1.02%, 0, 0, 2, 5.29
1563345753, 0, 0, 90, 90, 2, 1.03%, 0, 0, 2, 5.17
1563345759, 0, 0, 91, 91, 2, 1.03%, 0, 0, 2, 5.22
1563345764, 0, 0, 93, 93, 2, 1.12%, 0, 0, 2, 5.35
1563345769, 0, 0, 95, 95, 2, 1.12%, 0, 0, 2, 5.11
1563345805, 0, 0, 96, 96, 2, 1.13%, 0, 0, 2, 5.30
1563345892, 0, 0, 97, 97, 2, 1.13%, 0, 0, 2, 4.93
1563345913, 0, 0, 98, 98, 2, 1.13%, 0, 0, 2, 4.96
1563345923, 0, 0, 99, 99, 2, 1.13%, 0, 0, 2, 4.96
1563345928, 0, 0, 100, 100, 2, 1.13%, 0, 0, 2, 4.97
1563345934, 0, 0, 101, 101, 2, 1.13%, 0, 0, 2, 4.94
1563345949, 0, 0, 102, 102, 2, 1.13%, 0, 0, 2, 5.12
1563346021, 0, 0, 103, 103, 2, 1.13%, 0, 0, 2, 4.89
1563346026, 0, 0, 105, 105, 2, 1.13%, 0, 0, 2, 4.89
1563346031, 0, 0, 106, 106, 2, 1.13%, 0, 0, 2, 4.87
1563346037, 0, 0, 107, 107, 2, 1.13%, 0, 0, 2, 4.87
1563346047, 0, 0, 109, 109, 2, 1.13%, 0, 0, 2, 4.88
1563346057, 0, 0, 110, 110, 2, 1.13%, 0, 0, 2, 5.24
1563346062, 0, 0, 111, 111, 2, 1.13%, 0, 0, 2, 5.22
1563346114, 0, 0, 112, 112, 2, 1.13%, 0, 0, 2, 4.95
1563346135, 0, 0, 113, 113, 2, 1.13%, 0, 0, 2, 4.88
1563346424, 0, 0, 114, 114, 2, 1.13%, 0, 0, 2, 5.33
1563346429, 0, 0, 115, 115, 2, 1.13%, 0, 0, 2, 5.29
1563346434, 0, 0, 116, 116, 2, 1.14%, 0, 0, 2, 5.29
1563346450, 0, 0, 117, 117, 2, 1.14%, 0, 0, 2, 5.02
1563346625, 0, 0, 118, 118, 2, 1.14%, 0, 0, 2, 5.36
1563346635, 0, 0, 119, 119, 2, 1.14%, 0, 0, 2, 5.08
1563346641, 0, 0, 120, 120, 2, 1.14%, 0, 0, 2, 5.03
1563346646, 0, 0, 121, 121, 2, 1.14%, 0, 0, 2, 5.31
1563346651, 0, 0, 122, 122, 2, 1.14%, 0, 0, 2, 5.37
1563346656, 0, 0, 124, 124, 2, 1.14%, 0, 0, 2, 5.44
1563346661, 0, 0, 127, 127, 2, 1.14%, 0, 0, 2, 5.23
1563346692, 0, 0, 128, 128, 2, 1.14%, 0, 0, 2, 5.29
1563346703, 0, 0, 129, 129, 2, 1.14%, 0, 0, 2, 5.30
1563346708, 0, 0, 130, 130, 2, 1.15%, 0, 0, 2, 5.54
1563346718, 0, 0, 132, 132, 2, 1.20%, 0, 0, 2, 5.35
1563346738, 0, 0, 134, 134, 2, 1.20%, 0, 0, 2, 5.36
1563346759, 0, 0, 135, 135, 2, 1.20%, 0, 0, 2, 5.12
1563346764, 0, 0, 136, 136, 2, 1.22%, 0, 0, 2, 5.12
1563346769, 0, 0, 137, 137, 2, 1.22%, 0, 0, 2, 5.14
1563346785, 0, 0, 138, 138, 2, 1.26%, 0, 0, 2, 5.39
1563346795, 0, 0, 139, 139, 2, 1.26%, 0, 0, 2, 5.48
1563346800, 0, 0, 142, 142, 2, 1.28%, 0, 0, 2, 5.42
1563346806, 0, 0, 143, 143, 2, 1.28%, 0, 0, 2, 5.31
1563346816, 0, 0, 144, 144, 2, 1.28%, 0, 0, 2, 5.32
1563346831, 0, 0, 145, 145, 2, 1.28%, 0, 0, 2, 5.43
1563346863, 0, 0, 146, 146, 2, 1.28%, 0, 0, 2, 5.19
1563346873, 0, 0, 147, 147, 2, 1.31%, 0, 0, 2, 5.43
1563346878, 0, 0, 149, 149, 2, 1.31%, 0, 0, 2, 5.22
1563346884, 0, 0, 150, 150, 2, 1.32%, 0, 0, 2, 5.53
1563346920, 0, 0, 151, 151, 2, 1.32%, 0, 0, 2, 5.52
1563346925, 0, 0, 152, 152, 2, 1.32%, 0, 0, 2, 5.69
1563346961, 0, 0, 154, 154, 2, 1.34%, 0, 0, 2, 5.70
1563346976, 0, 0, 155, 155, 2, 1.36%, 0, 0, 2, 5.32
1563346992, 0, 0, 156, 156, 2, 1.36%, 0, 0, 2, 5.23
1563347023, 0, 0, 157, 157, 2, 1.36%, 0, 0, 2, 5.60
1563347033, 0, 0, 159, 159, 2, 1.37%, 0, 0, 2, 5.44
1563347044, 0, 0, 160, 160, 2, 1.37%, 0, 0, 2, 5.63
1563347054, 0, 0, 161, 161, 2, 1.37%, 0, 0, 2, 5.74
1563347069, 0, 0, 162, 162, 2, 1.39%, 0, 0, 2, 5.56
1563347080, 0, 0, 163, 163, 2, 1.39%, 0, 0, 2, 5.54
1563347090, 0, 0, 164, 164, 2, 1.39%, 0, 0, 2, 5.53
1563347126, 0, 0, 165, 165, 2, 1.39%, 0, 0, 2, 5.92
1563347136, 0, 0, 166, 166, 2, 1.39%, 0, 0, 2, 5.82
1563347147, 0, 0, 167, 167, 2, 1.41%, 0, 0, 2, 5.83
1563347158, 0, 0, 167, 167, 2, 1.41%, 0, 1, 2, 5.51
1563347173, 0, 0, 169, 169, 2, 1.42%, 0, 1, 2, 5.52
1563347178, 0, 0, 170, 170, 2, 1.42%, 0, 1, 2, 5.46
1563347194, 0, 0, 171, 171, 2, 1.42%, 0, 1, 2, 5.74
1563347215, 0, 0, 172, 172, 2, 1.43%, 0, 1, 2, 5.55
1563347220, 0, 0, 173, 173, 2, 1.45%, 0, 1, 2, 5.57
1563347231, 0, 0, 174, 174, 2, 1.45%, 0, 1, 2, 5.85
1563347318, 0, 0, 175, 175, 2, 1.45%, 0, 1, 2, 4.98
1563347323, 0, 0, 176, 176, 2, 1.47%, 0, 1, 2, 5.27
1563347328, 0, 0, 177, 177, 2, 1.48%, 0, 1, 2, 5.21
1563347339, 0, 0, 178, 178, 2, 1.49%, 0, 1, 2, 5.08
1563347344, 0, 0, 179, 179, 2, 1.51%, 0, 1, 2, 5.09
1563347354, 0, 0, 180, 180, 2, 1.51%, 0, 1, 2, 5.20
1563347508, 0, 0, 181, 181, 2, 1.51%, 0, 1, 2, 4.38
1563347693, 0, 0, 182, 182, 2, 1.51%, 0, 1, 2, 4.95
1563347703, 0, 0, 183, 183, 2, 1.51%, 0, 1, 2, 5.06
1563347750, 0, 0, 184, 184, 2, 1.54%, 0, 1, 2, 4.85
1563347796, 0, 0, 185, 185, 2, 1.54%, 0, 1, 2, 5.25
1563347827, 0, 0, 186, 186, 2, 1.54%, 0, 1, 2, 5.17
1563347853, 0, 0, 187, 187, 2, 1.54%, 0, 1, 2, 5.44
1563347863, 0, 0, 188, 188, 2, 1.55%, 0, 1, 2, 5.42
1563347879, 0, 0, 189, 189, 2, 1.55%, 0, 1, 2, 5.22
1563347894, 0, 0, 190, 190, 2, 1.55%, 0, 1, 2, 5.22
1563347905, 0, 0, 191, 191, 2, 1.55%, 0, 1, 2, 5.33
1563347971, 0, 0, 192, 192, 2, 1.55%, 0, 1, 2, 5.40
1563347977, 0, 0, 193, 193, 2, 1.55%, 0, 1, 2, 5.85
1563347987, 0, 0, 194, 194, 2, 1.55%, 0, 1, 2, 5.88
1563348002, 0, 0, 195, 195, 2, 1.56%, 0, 1, 2, 5.35
1563348007, 0, 0, 196, 196, 2, 1.56%, 0, 1, 2, 5.49
1563348013, 0, 0, 197, 196, 1, 1.56%, 0, 1, 2, 5.26
1563348018, 0, 0, 200, 199, 1, 1.68%, 0, 1, 2, 5.52
1563348023, 0, 0, 203, 202, 1, 2.04%, 0, 1, 2, 5.69
1563348028, 0, 0, 208, 207, 1, 2.20%, 0, 1, 2, 5.98
1563348033, 0, 0, 211, 210, 1, 2.29%, 0, 1, 2, 6.09
1563348039, 0, 0, 214, 213, 1, 2.49%, 0, 1, 2, 6.14
1563348044, 0, 0, 217, 216, 1, 2.58%, 0, 1, 2, 6.07
1563348049, 0, 0, 221, 220, 1, 2.69%, 0, 1, 2, 5.86
1563348054, 0, 0, 224, 223, 1, 2.83%, 0, 1, 2, 5.38
1563348059, 0, 0, 227, 226, 1, 2.94%, 0, 1, 2, 5.54
1563348065, 0, 0, 230, 229, 1, 2.95%, 0, 1, 2, 5.58
1563348070, 0, 0, 233, 232, 1, 2.98%, 0, 1, 2, 5.65
1563348075, 0, 0, 236, 235, 1, 3.01%, 0, 1, 2, 5.47
1563348080, 0, 0, 239, 238, 1, 3.10%, 0, 1, 2, 5.29
1563348085, 0, 0, 244, 243, 1, 3.19%, 0, 1, 2, 5.80
1563348091, 0, 0, 248, 247, 1, 3.26%, 0, 1, 2, 5.97
1563348096, 0, 0, 251, 250, 1, 3.34%, 0, 1, 2, 6.10
1563348101, 0, 0, 256, 255, 1, 3.38%, 0, 1, 2, 6.04
1563348106, 0, 0, 259, 258, 1, 3.41%, 0, 1, 2, 5.71
1563348111, 0, 0, 264, 263, 1, 3.54%, 0, 1, 2, 5.25
1563348117, 0, 0, 269, 268, 1, 3.57%, 0, 1, 2, 5.16
1563348122, 0, 0, 272, 271, 1, 3.57%, 0, 1, 2, 5.18
1563348127, 0, 0, 274, 273, 1, 3.58%, 0, 1, 2, 5.22
1563348132, 0, 0, 278, 277, 1, 3.63%, 0, 1, 2, 5.49
1563348137, 0, 0, 282, 281, 1, 3.65%, 0, 1, 2, 5.77
1563348142, 0, 0, 285, 284, 1, 3.67%, 0, 1, 2, 5.64
1563348148, 0, 0, 291, 290, 1, 3.74%, 0, 1, 2, 5.23
1563348153, 0, 0, 294, 293, 1, 3.82%, 0, 1, 2, 5.40
1563348158, 0, 0, 296, 295, 1, 3.82%, 0, 1, 2, 5.10
1563348163, 0, 0, 302, 301, 1, 3.87%, 0, 1, 2, 5.03
1563348169, 0, 0, 308, 307, 1, 3.88%, 0, 1, 2, 5.09
1563348174, 0, 0, 310, 309, 1, 3.88%, 0, 1, 2, 5.04
1563348179, 0, 0, 314, 313, 1, 3.88%, 0, 1, 2, 4.95
1563348184, 0, 0, 317, 316, 1, 3.90%, 0, 1, 2, 4.96
1563348189, 0, 0, 321, 320, 1, 3.96%, 0, 1, 2, 5.04
1563348194, 0, 0, 325, 324, 1, 4.01%, 0, 1, 2, 5.07
1563348199, 0, 0, 328, 327, 1, 4.01%, 0, 1, 2, 4.93
1563348204, 0, 0, 331, 330, 1, 4.02%, 0, 1, 2, 4.93
1563348209, 0, 0, 335, 334, 1, 4.03%, 0, 1, 2, 5.04
1563348215, 0, 0, 338, 337, 1, 4.03%, 0, 1, 2, 5.40
1563348220, 0, 0, 342, 341, 1, 4.03%, 0, 1, 2, 5.20
1563348225, 0, 0, 346, 345, 1, 4.10%, 0, 1, 2, 5.16
1563348230, 0, 0, 350, 349, 1, 4.11%, 0, 1, 2, 4.88
1563348235, 0, 0, 354, 353, 1, 4.12%, 0, 1, 2, 5.00
1563348241, 0, 0, 357, 356, 1, 4.16%, 0, 1, 2, 5.15
1563348246, 0, 0, 360, 359, 1, 4.16%, 0, 1, 2, 5.14
1563348251, 0, 0, 364, 363, 1, 4.18%, 0, 1, 2, 5.27
1563348256, 0, 0, 367, 366, 1, 4.18%, 0, 1, 2, 5.49
1563348261, 0, 0, 370, 369, 1, 4.19%, 0, 1, 2, 5.38
1563348266, 0, 0, 373, 372, 1, 4.20%, 0, 1, 2, 5.49
1563348272, 0, 0, 375, 374, 1, 4.22%, 0, 1, 2, 5.64
1563348277, 0, 0, 378, 377, 1, 4.23%, 0, 1, 2, 5.65
1563348282, 0, 0, 381, 380, 1, 4.24%, 0, 1, 2, 5.67
1563348288, 0, 0, 384, 383, 1, 4.28%, 0, 1, 2, 5.25
1563348293, 0, 0, 386, 385, 1, 4.28%, 0, 1, 2, 5.36
1563348298, 0, 0, 390, 389, 1, 4.28%, 0, 1, 2, 5.51
1563348303, 0, 0, 393, 392, 1, 4.28%, 0, 1, 2, 5.57
1563348308, 0, 0, 396, 395, 1, 4.28%, 0, 1, 2, 5.12
1563348313, 0, 0, 399, 398, 1, 4.29%, 0, 1, 2, 4.77
1563348318, 0, 0, 400, 399, 1, 4.30%, 0, 1, 2, 4.58
1563348323, 0, 0, 401, 400, 1, 4.30%, 0, 1, 2, 4.92
1563348329, 0, 0, 404, 403, 1, 4.30%, 0, 1, 2, 4.93
1563348334, 0, 0, 408, 407, 1, 4.31%, 0, 1, 2, 4.93
1563348339, 0, 0, 410, 409, 1, 4.33%, 0, 1, 2, 5.01
1563348344, 0, 0, 414, 413, 1, 4.33%, 0, 1, 2, 5.12
1563348349, 0, 0, 418, 417, 1, 4.34%, 0, 1, 2, 5.45
1563348355, 0, 0, 422, 421, 1, 4.34%, 0, 1, 2, 5.31
1563348360, 0, 0, 424, 423, 1, 4.34%, 0, 1, 2, 4.92
1563348370, 0, 0, 425, 424, 1, 4.34%, 0, 1, 2, 4.91
1563348375, 0, 0, 427, 426, 1, 4.36%, 0, 1, 2, 4.97
1563348380, 0, 0, 429, 428, 1, 4.38%, 0, 1, 2, 4.57
1563348385, 0, 0, 432, 431, 1, 4.39%, 0, 1, 2, 5.19
1563348390, 0, 0, 435, 434, 1, 4.40%, 0, 1, 2, 5.35
1563348395, 0, 0, 438, 437, 1, 4.41%, 0, 1, 2, 5.37
1563348400, 0, 0, 441, 440, 1, 4.42%, 0, 1, 2, 5.07
1563348406, 0, 0, 445, 444, 1, 4.42%, 0, 1, 2, 5.12
1563348411, 0, 0, 448, 447, 1, 4.42%, 0, 1, 2, 4.88
1563348416, 0, 0, 452, 451, 1, 4.42%, 0, 1, 2, 5.22
1563348421, 0, 0, 455, 454, 1, 4.43%, 0, 1, 2, 5.39
1563348426, 0, 0, 459, 458, 1, 4.43%, 0, 1, 2, 5.31
1563348431, 0, 0, 461, 460, 1, 4.44%, 0, 1, 2, 5.48
1563348436, 0, 0, 464, 463, 1, 4.44%, 0, 1, 2, 5.65
1563348442, 0, 0, 468, 467, 1, 4.45%, 0, 1, 2, 5.52
1563348447, 0, 0, 472, 471, 1, 4.50%, 0, 1, 2, 5.82
1563348452, 0, 0, 475, 474, 1, 4.53%, 0, 1, 2, 6.14
1563348458, 0, 0, 478, 477, 1, 4.54%, 0, 1, 2, 5.68
1563348463, 0, 0, 482, 481, 1, 4.54%, 0, 1, 2, 5.76
1563348468, 0, 0, 485, 484, 1, 4.54%, 0, 1, 2, 5.85
1563348473, 0, 0, 489, 488, 1, 4.56%, 0, 1, 2, 5.97
1563348478, 0, 0, 492, 491, 1, 4.56%, 0, 1, 2, 5.86
1563348484, 0, 0, 497, 496, 1, 4.56%, 0, 1, 2, 5.52
1563348489, 0, 0, 500, 499, 1, 4.57%, 0, 1, 2, 5.29
1563348494, 0, 0, 504, 503, 1, 4.57%, 0, 1, 2, 5.62
1563348500, 0, 0, 509, 508, 1, 4.57%, 0, 1, 2, 5.61
1563348505, 0, 0, 513, 512, 1, 4.60%, 0, 1, 2, 5.66
1563348510, 0, 0, 516, 515, 1, 4.62%, 0, 1, 2, 5.64
1563348515, 0, 0, 519, 518, 1, 4.62%, 0, 1, 2, 5.50
1563348520, 0, 0, 522, 521, 1, 4.64%, 0, 1, 2, 5.66
1563348525, 0, 0, 525, 524, 1, 4.65%, 0, 1, 2, 5.78
1563348530, 0, 0, 530, 529, 1, 4.70%, 0, 1, 2, 5.51
1563348536, 0, 0, 533, 532, 1, 4.70%, 0, 1, 2, 5.58
1563348541, 0, 0, 536, 535, 1, 4.70%, 0, 1, 2, 5.37
1563348546, 0, 0, 540, 539, 1, 4.71%, 0, 1, 2, 5.85
1563348551, 0, 0, 543, 542, 1, 4.73%, 0, 1, 2, 5.50
1563348556, 0, 0, 547, 546, 1, 4.73%, 0, 1, 2, 5.61
1563348561, 0, 0, 550, 549, 1, 4.74%, 0, 1, 2, 6.02
1563348566, 0, 0, 553, 552, 1, 4.74%, 0, 1, 2, 5.78
1563348572, 0, 0, 556, 555, 1, 4.74%, 0, 1, 2, 5.40
1563348577, 0, 0, 560, 559, 1, 4.76%, 0, 1, 2, 5.40
1563348582, 0, 0, 563, 562, 1, 4.76%, 0, 1, 2, 5.86
1563348587, 0, 0, 566, 565, 1, 4.77%, 0, 1, 2, 5.49
1563348592, 0, 0, 569, 568, 1, 4.79%, 0, 1, 2, 5.38
1563348597, 0, 0, 572, 571, 1, 4.79%, 0, 1, 2, 5.74
1563348602, 0, 0, 577, 576, 1, 4.80%, 0, 1, 2, 5.41
1563348608, 0, 0, 580, 579, 1, 4.80%, 0, 1, 2, 5.53
1563348613, 0, 0, 584, 583, 1, 4.80%, 0, 1, 2, 5.58
1563348618, 0, 0, 587, 586, 1, 4.80%, 0, 1, 2, 5.44
1563348623, 0, 0, 591, 590, 1, 4.82%, 0, 1, 2, 5.85
1563348629, 0, 0, 594, 593, 1, 4.82%, 0, 1, 2, 5.90
1563348634, 0, 0, 598, 597, 1, 4.83%, 0, 1, 2, 5.51
1563348639, 0, 0, 602, 601, 1, 4.84%, 0, 1, 2, 5.53
1563348644, 0, 0, 604, 603, 1, 4.84%, 0, 1, 2, 5.24
1563348649, 0, 0, 608, 607, 1, 4.84%, 0, 1, 2, 5.56
1563348654, 0, 0, 611, 610, 1, 4.84%, 0, 1, 2, 5.24
1563348660, 0, 0, 615, 614, 1, 4.85%, 0, 1, 2, 5.56
1563348665, 0, 0, 617, 616, 1, 4.86%, 0, 1, 2, 5.06
1563348670, 0, 0, 620, 619, 1, 4.86%, 0, 1, 2, 5.10
1563348675, 0, 0, 623, 622, 1, 4.86%, 0, 1, 2, 5.49
1563348680, 0, 0, 626, 625, 1, 4.86%, 0, 1, 2, 5.31
1563348685, 0, 0, 631, 630, 1, 4.87%, 0, 1, 2, 5.18
1563348690, 0, 0, 634, 633, 1, 4.87%, 0, 1, 2, 5.03
1563348695, 0, 0, 637, 636, 1, 4.87%, 0, 1, 2, 5.36
1563348701, 0, 0, 642, 641, 1, 4.88%, 0, 1, 2, 5.71
1563348706, 0, 0, 645, 644, 1, 4.88%, 0, 1, 2, 5.61
1563348711, 0, 0, 649, 648, 1, 4.88%, 0, 1, 2, 5.81
1563348717, 0, 0, 652, 651, 1, 4.88%, 0, 1, 2, 5.44
1563348722, 0, 0, 655, 654, 1, 4.88%, 0, 1, 2, 5.28
1563348727, 0, 0, 659, 658, 1, 4.88%, 0, 1, 2, 5.05
1563348732, 0, 0, 662, 661, 1, 4.89%, 0, 1, 2, 4.99
1563348737, 0, 0, 666, 665, 1, 4.90%, 0, 1, 2, 5.18
1563348742, 0, 0, 672, 671, 1, 4.90%, 0, 1, 2, 5.28
1563348747, 0, 0, 676, 675, 1, 4.90%, 0, 1, 2, 5.34
1563348753, 0, 0, 679, 678, 1, 4.90%, 0, 1, 2, 5.65
1563348758, 0, 0, 685, 684, 1, 4.90%, 0, 1, 2, 5.37
1563348763, 0, 0, 689, 688, 1, 4.91%, 0, 1, 2, 5.33
1563348768, 0, 0, 693, 692, 1, 4.91%, 0, 1, 2, 5.43
1563348773, 0, 0, 698, 697, 1, 4.92%, 0, 1, 2, 5.51
1563348779, 0, 0, 702, 701, 1, 4.92%, 0, 1, 2, 5.47
1563348784, 0, 0, 707, 706, 1, 4.93%, 0, 1, 2, 5.43
1563348789, 0, 0, 710, 709, 1, 4.94%, 0, 1, 2, 5.39
1563348794, 0, 0, 714, 713, 1, 4.95%, 0, 1, 2, 5.43
1563348799, 0, 0, 718, 717, 1, 4.95%, 0, 1, 2, 5.20
1563348804, 0, 0, 723, 722, 1, 4.95%, 0, 1, 2, 5.42
1563348809, 0, 0, 727, 726, 1, 4.96%, 0, 1, 2, 5.31
1563348814, 0, 0, 730, 729, 1, 4.96%, 0, 1, 2, 5.61
1563348820, 0, 0, 736, 735, 1, 4.96%, 0, 1, 2, 5.35
1563348825, 0, 0, 741, 740, 1, 4.97%, 0, 1, 2, 5.30
1563348830, 0, 0, 746, 745, 1, 4.98%, 0, 1, 2, 5.20
1563348835, 0, 0, 751, 750, 1, 4.99%, 0, 1, 2, 5.14
1563348841, 0, 0, 755, 754, 1, 4.99%, 0, 1, 2, 4.99
1563348846, 0, 0, 759, 758, 1, 4.99%, 0, 1, 2, 5.17
1563348852, 0, 0, 763, 762, 1, 5.00%, 0, 1, 2, 5.13
1563348857, 0, 0, 767, 766, 1, 5.01%, 0, 1, 2, 5.31
1563348862, 0, 0, 770, 769, 1, 5.01%, 0, 1, 2, 5.27
1563348867, 0, 0, 773, 772, 1, 5.01%, 0, 1, 2, 5.31
1563348872, 0, 0, 776, 775, 1, 5.01%, 0, 1, 2, 5.17
1563348878, 0, 0, 780, 779, 1, 5.01%, 0, 1, 2, 5.25
1563348883, 0, 0, 783, 782, 1, 5.02%, 0, 1, 2, 5.41
1563348888, 0, 0, 786, 785, 1, 5.03%, 0, 1, 2, 5.49
1563348893, 0, 0, 788, 787, 1, 5.03%, 0, 1, 2, 5.41
1563348898, 0, 0, 791, 790, 1, 5.03%, 0, 1, 2, 5.49
1563348903, 0, 0, 795, 794, 1, 5.03%, 0, 1, 2, 5.52
1563348909, 0, 0, 799, 798, 1, 5.03%, 0, 1, 2, 5.29
1563348914, 0, 0, 802, 801, 1, 5.05%, 0, 1, 2, 5.47
1563348919, 0, 0, 806, 805, 1, 5.05%, 0, 1, 2, 5.58
1563348924, 0, 0, 809, 808, 1, 5.05%, 0, 1, 2, 5.91
1563348929, 0, 0, 813, 812, 1, 5.06%, 0, 1, 2, 6.02
1563348934, 0, 0, 817, 816, 1, 5.06%, 0, 1, 2, 5.97
1563348939, 0, 0, 820, 819, 1, 5.06%, 0, 1, 2, 5.88
1563348944, 0, 0, 824, 823, 1, 5.06%, 0, 1, 2, 5.54
1563348950, 0, 0, 829, 828, 1, 5.07%, 0, 1, 2, 5.45
1563348955, 0, 0, 832, 831, 1, 5.08%, 0, 1, 2, 6.01
1563348960, 0, 0, 835, 834, 1, 5.08%, 0, 1, 2, 5.85
1563348965, 0, 0, 838, 837, 1, 5.08%, 0, 1, 2, 5.79
1563348970, 0, 0, 841, 840, 1, 5.08%, 0, 1, 2, 5.33
1563348975, 0, 0, 845, 844, 1, 5.08%, 0, 1, 2, 5.51
1563348980, 0, 0, 848, 847, 1, 5.09%, 0, 1, 2, 5.60
1563348985, 0, 0, 852, 851, 1, 5.09%, 0, 1, 2, 5.70
1563348990, 0, 0, 856, 855, 1, 5.09%, 0, 1, 2, 5.51
1563348996, 0, 0, 859, 858, 1, 5.09%, 0, 1, 2, 5.58
1563349001, 0, 0, 863, 862, 1, 5.09%, 0, 1, 2, 5.62
1563349006, 0, 0, 866, 865, 1, 5.09%, 0, 1, 2, 5.64
1563349011, 0, 0, 870, 869, 1, 5.09%, 0, 1, 2, 5.98
1563349016, 0, 0, 873, 872, 1, 5.09%, 0, 1, 2, 5.68
1563349021, 0, 0, 876, 875, 1, 5.09%, 0, 1, 2, 5.74
1563349026, 0, 0, 879, 878, 1, 5.09%, 0, 1, 2, 5.70
1563349032, 0, 0, 883, 882, 1, 5.09%, 0, 1, 2, 5.74
1563349037, 0, 0, 886, 885, 1, 5.09%, 0, 1, 2, 5.70
1563349042, 0, 0, 889, 888, 1, 5.10%, 0, 1, 2, 5.83
1563349047, 0, 0, 892, 891, 1, 5.10%, 0, 1, 2, 6.01
1563349052, 0, 0, 895, 894, 1, 5.10%, 0, 1, 2, 5.57
1563349058, 0, 0, 898, 897, 1, 5.10%, 0, 1, 2, 5.48
1563349063, 0, 0, 902, 901, 1, 5.11%, 0, 1, 2, 5.70
1563349068, 0, 0, 907, 906, 1, 5.11%, 0, 1, 2, 5.60
1563349073, 0, 0, 910, 909, 1, 5.11%, 0, 1, 2, 5.69
1563349078, 0, 0, 913, 912, 1, 5.11%, 0, 1, 2, 5.54
1563349084, 0, 0, 916, 915, 1, 5.13%, 0, 1, 2, 5.64
1563349089, 0, 0, 918, 917, 1, 5.13%, 0, 1, 2, 5.60
1563349094, 0, 0, 921, 920, 1, 5.13%, 0, 1, 2, 5.53
1563349099, 0, 0, 924, 923, 1, 5.13%, 0, 1, 2, 5.49
1563349104, 0, 0, 927, 926, 1, 5.13%, 0, 1, 2, 5.40
1563349110, 0, 0, 931, 930, 1, 5.13%, 0, 1, 2, 5.67
1563349115, 0, 0, 934, 933, 1, 5.13%, 0, 1, 2, 5.70
1563349120, 0, 0, 937, 936, 1, 5.13%, 0, 1, 2, 5.55
1563349125, 0, 0, 940, 939, 1, 5.13%, 0, 1, 2, 5.53
1563349130, 0, 0, 944, 943, 1, 5.13%, 0, 1, 2, 5.55
1563349135, 0, 0, 947, 946, 1, 5.13%, 0, 1, 2, 5.78
1563349140, 0, 0, 950, 949, 1, 5.13%, 0, 1, 2, 5.62
1563349146, 0, 0, 953, 952, 1, 5.13%, 0, 1, 2, 5.70
1563349151, 0, 0, 955, 954, 1, 5.13%, 0, 1, 2, 5.43
1563349156, 0, 0, 959, 958, 1, 5.13%, 0, 1, 2, 5.49
1563349161, 0, 0, 962, 961, 1, 5.13%, 0, 1, 2, 5.63
1563349167, 0, 0, 966, 965, 1, 5.14%, 0, 1, 2, 5.52
1563349172, 0, 0, 970, 969, 1, 5.14%, 0, 1, 2, 5.26
1563349177, 0, 0, 973, 972, 1, 5.15%, 0, 1, 2, 5.18
1563349182, 0, 0, 976, 975, 1, 5.15%, 0, 1, 2, 5.17
1563349188, 0, 0, 979, 978, 1, 5.15%, 0, 1, 2, 5.04
1563349193, 0, 0, 982, 981, 1, 5.15%, 0, 1, 2, 5.12
1563349198, 0, 0, 985, 984, 1, 5.15%, 0, 1, 2, 5.35
1563349203, 0, 0, 991, 990, 1, 5.15%, 0, 1, 2, 5.06
1563349208, 0, 0, 994, 993, 1, 5.15%, 0, 1, 2, 5.25
1563349214, 0, 0, 998, 997, 1, 5.15%, 0, 1, 2, 5.38
1563349219, 0, 0, 1001, 1000, 1, 5.15%, 0, 1, 2, 5.28
1563349224, 0, 0, 1004, 1003, 1, 5.16%, 0, 1, 2, 5.23
1563349229, 0, 0, 1007, 1006, 1, 5.16%, 0, 1, 2, 5.63
1563349234, 0, 0, 1010, 1009, 1, 5.16%, 0, 1, 2, 5.45
1563349240, 0, 0, 1012, 1011, 1, 5.16%, 0, 1, 2, 5.33
1563349245, 0, 0, 1016, 1015, 1, 5.16%, 0, 1, 2, 5.43
1563349250, 0, 0, 1020, 1019, 1, 5.16%, 0, 1, 2, 5.57
1563349255, 0, 0, 1021, 1020, 1, 5.16%, 0, 1, 2, 5.48
1563349261, 0, 0, 1024, 1023, 1, 5.16%, 0, 1, 2, 5.35
1563349266, 0, 0, 1026, 1025, 1, 5.16%, 0, 1, 2, 5.20
1563349271, 0, 0, 1030, 1029, 1, 5.16%, 0, 1, 2, 5.45
1563349276, 0, 0, 1033, 1032, 1, 5.16%, 0, 1, 2, 5.70
1563349281, 0, 0, 1037, 1036, 1, 5.16%, 0, 1, 2, 5.96
1563349287, 0, 0, 1040, 1039, 1, 5.16%, 0, 1, 2, 5.78
1563349292, 0, 0, 1043, 1042, 1, 5.16%, 0, 1, 2, 5.70
1563349297, 0, 0, 1048, 1047, 1, 5.16%, 0, 1, 2, 5.47
1563349302, 0, 0, 1051, 1050, 1, 5.16%, 0, 1, 2, 5.48
1563349307, 0, 0, 1055, 1054, 1, 5.16%, 0, 1, 2, 5.68
1563349312, 0, 0, 1059, 1058, 1, 5.16%, 0, 1, 2, 5.38
1563349317, 0, 0, 1062, 1061, 1, 5.16%, 0, 1, 2, 5.64
1563349322, 0, 0, 1065, 1064, 1, 5.16%, 0, 1, 2, 5.53
1563349328, 0, 0, 1068, 1067, 1, 5.16%, 0, 1, 2, 5.59
1563349333, 0, 0, 1071, 1070, 1, 5.16%, 0, 1, 2, 5.74
1563349338, 0, 0, 1074, 1073, 1, 5.16%, 0, 1, 2, 5.67
1563349343, 0, 0, 1077, 1076, 1, 5.17%, 0, 1, 2, 5.64
1563349348, 0, 0, 1079, 1078, 1, 5.17%, 0, 1, 2, 5.63
1563349353, 0, 0, 1082, 1081, 1, 5.17%, 0, 1, 2, 5.56
1563349358, 0, 0, 1086, 1085, 1, 5.17%, 0, 1, 2, 5.42
1563349364, 0, 0, 1089, 1088, 1, 5.17%, 0, 1, 2, 5.39
1563349369, 0, 0, 1091, 1090, 1, 5.17%, 0, 1, 2, 5.31
1563349374, 0, 0, 1095, 1094, 1, 5.18%, 0, 1, 2, 5.20
1563349379, 0, 0, 1099, 1098, 1, 5.18%, 0, 1, 2, 5.21
1563349384, 0, 0, 1100, 1099, 1, 5.18%, 0, 1, 2, 5.16
1563349389, 0, 0, 1104, 1103, 1, 5.18%, 0, 1, 2, 5.21
1563349394, 0, 0, 1109, 1108, 1, 5.18%, 0, 1, 2, 4.97
1563349399, 0, 0, 1112, 1111, 1, 5.18%, 0, 1, 2, 4.97
1563349405, 0, 0, 1116, 1115, 1, 5.19%, 0, 1, 2, 5.42
1563349410, 0, 0, 1119, 1118, 1, 5.19%, 0, 1, 2, 5.52
1563349415, 0, 0, 1123, 1122, 1, 5.19%, 0, 1, 2, 5.47
1563349420, 0, 0, 1127, 1126, 1, 5.19%, 0, 1, 2, 5.51
1563349425, 0, 0, 1130, 1129, 1, 5.19%, 0, 1, 2, 5.70
1563349430, 0, 0, 1133, 1132, 1, 5.19%, 0, 1, 2, 5.70
1563349435, 0, 0, 1136, 1135, 1, 5.19%, 0, 1, 2, 5.75
1563349441, 0, 0, 1139, 1138, 1, 5.19%, 0, 1, 2, 5.64
1563349446, 0, 0, 1142, 1141, 1, 5.19%, 0, 1, 2, 6.00
1563349451, 0, 0, 1145, 1144, 1, 5.20%, 0, 1, 2, 5.77
1563349456, 0, 0, 1148, 1147, 1, 5.20%, 0, 1, 2, 5.54
1563349461, 0, 0, 1151, 1150, 1, 5.20%, 0, 1, 2, 5.64
1563349466, 0, 0, 1154, 1153, 1, 5.20%, 0, 1, 2, 5.85
1563349471, 0, 0, 1158, 1157, 1, 5.20%, 0, 1, 2, 5.92
1563349477, 0, 0, 1161, 1160, 1, 5.20%, 0, 1, 2, 5.49
1563349482, 0, 0, 1163, 1162, 1, 5.20%, 0, 1, 2, 5.80
1563349487, 0, 0, 1167, 1166, 1, 5.20%, 0, 1, 2, 5.85
1563349492, 0, 0, 1171, 1170, 1, 5.20%, 0, 1, 2, 5.96
1563349497, 0, 0, 1176, 1175, 1, 5.20%, 0, 1, 2, 5.51
1563349502, 0, 0, 1179, 1178, 1, 5.21%, 0, 1, 2, 5.85
1563349508, 0, 0, 1182, 1181, 1, 5.21%, 0, 1, 2, 5.72
1563349513, 0, 0, 1186, 1185, 1, 5.21%, 0, 1, 2, 5.35
1563349518, 0, 0, 1189, 1188, 1, 5.21%, 0, 1, 2, 5.44
1563349523, 0, 0, 1193, 1192, 1, 5.21%, 0, 1, 2, 5.72
1563349529, 0, 0, 1196, 1195, 1, 5.21%, 0, 1, 2, 5.54
1563349534, 0, 0, 1202, 1201, 1, 5.22%, 0, 1, 2, 5.19
1563349539, 0, 0, 1206, 1205, 1, 5.22%, 0, 1, 2, 5.29
1563349544, 0, 0, 1210, 1209, 1, 5.22%, 0, 1, 2, 5.17
1563349550, 0, 0, 1213, 1212, 1, 5.22%, 0, 1, 2, 5.05
1563349555, 0, 0, 1216, 1215, 1, 5.22%, 0, 1, 2, 5.20
1563349560, 0, 0, 1219, 1218, 1, 5.22%, 0, 1, 2, 5.50
1563349565, 0, 0, 1223, 1222, 1, 5.22%, 0, 1, 2, 5.37
1563349570, 0, 0, 1225, 1224, 1, 5.22%, 0, 1, 2, 5.34
1563349575, 0, 0, 1229, 1228, 1, 5.22%, 0, 1, 2, 5.17
1563349581, 0, 0, 1232, 1231, 1, 5.22%, 0, 1, 2, 5.13
1563349586, 0, 0, 1236, 1235, 1, 5.22%, 0, 1, 2, 5.08
1563349591, 0, 0, 1240, 1239, 1, 5.22%, 0, 1, 2, 5.16
1563349596, 0, 0, 1244, 1243, 1, 5.22%, 0, 1, 2, 5.44
1563349601, 0, 0, 1247, 1246, 1, 5.22%, 0, 1, 2, 5.20
1563349607, 0, 0, 1251, 1250, 1, 5.22%, 0, 1, 2, 5.11
1563349612, 0, 0, 1254, 1253, 1, 5.23%, 0, 1, 2, 5.27
1563349617, 0, 0, 1259, 1258, 1, 5.23%, 0, 1, 2, 5.45
1563349622, 0, 0, 1262, 1261, 1, 5.24%, 0, 1, 2, 5.90
1563349627, 0, 0, 1265, 1264, 1, 5.24%, 0, 1, 2, 5.85
1563349632, 0, 0, 1268, 1267, 1, 5.24%, 0, 1, 2, 5.96
1563349637, 0, 0, 1271, 1270, 1, 5.24%, 0, 1, 2, 5.76
1563349643, 0, 0, 1274, 1273, 1, 5.24%, 0, 1, 2, 5.61
1563349648, 0, 0, 1277, 1276, 1, 5.24%, 0, 1, 2, 5.40
1563349653, 0, 0, 1280, 1279, 1, 5.24%, 0, 1, 2, 5.74
1563349658, 0, 0, 1282, 1281, 1, 5.24%, 0, 1, 2, 5.83
1563349663, 0, 0, 1286, 1285, 1, 5.24%, 0, 1, 2, 5.93
1563349668, 0, 0, 1290, 1289, 1, 5.24%, 0, 1, 2, 5.82
1563349673, 0, 0, 1292, 1291, 1, 5.24%, 0, 1, 2, 5.73
1563349679, 0, 0, 1295, 1294, 1, 5.24%, 0, 1, 2, 5.67
1563349684, 0, 0, 1298, 1297, 1, 5.24%, 0, 1, 2, 5.64
1563349689, 0, 0, 1302, 1301, 1, 5.24%, 0, 1, 2, 5.54
1563349694, 0, 0, 1305, 1304, 1, 5.24%, 0, 1, 2, 5.27
1563349699, 0, 0, 1309, 1308, 1, 5.24%, 0, 1, 2, 5.00
1563349704, 0, 0, 1312, 1311, 1, 5.24%, 0, 1, 2, 4.90
1563349710, 0, 0, 1317, 1316, 1, 5.24%, 0, 1, 2, 4.98
1563349715, 0, 0, 1321, 1320, 1, 5.24%, 0, 1, 2, 5.07
1563349720, 0, 0, 1323, 1322, 1, 5.24%, 0, 1, 2, 5.17
1563349725, 0, 0, 1326, 1325, 1, 5.25%, 0, 1, 2, 5.35
1563349730, 0, 0, 1330, 1329, 1, 5.25%, 0, 1, 2, 5.34
1563349735, 0, 0, 1334, 1333, 1, 5.25%, 0, 1, 2, 5.07
1563349746, 0, 0, 1337, 1336, 1, 5.25%, 0, 1, 2, 5.01
1563349751, 0, 0, 1340, 1339, 1, 5.25%, 0, 1, 2, 4.88
1563349756, 0, 0, 1344, 1343, 1, 5.26%, 0, 1, 2, 5.17
1563349761, 0, 0, 1347, 1346, 1, 5.26%, 0, 1, 2, 5.54
1563349766, 0, 0, 1349, 1348, 1, 5.26%, 0, 1, 2, 5.39
1563349771, 0, 0, 1353, 1352, 1, 5.26%, 0, 1, 2, 5.34
1563349777, 0, 0, 1357, 1356, 1, 5.26%, 0, 1, 2, 5.11
1563349782, 0, 0, 1359, 1358, 1, 5.26%, 0, 1, 2, 5.11
1563349787, 0, 0, 1362, 1361, 1, 5.26%, 0, 1, 2, 5.30
1563349792, 0, 0, 1365, 1364, 1, 5.26%, 0, 1, 2, 5.38
1563349798, 0, 0, 1369, 1368, 1, 5.26%, 0, 1, 2, 5.28
1563349803, 0, 0, 1372, 1371, 1, 5.26%, 0, 1, 2, 5.44
1563349808, 0, 0, 1375, 1374, 1, 5.26%, 0, 1, 2, 5.67
1563349813, 0, 0, 1377, 1376, 1, 5.26%, 0, 1, 2, 5.50
1563349818, 0, 0, 1379, 1378, 1, 5.27%, 0, 1, 2, 5.24
1563349824, 0, 0, 1384, 1383, 1, 5.27%, 0, 1, 2, 5.28
1563349829, 0, 0, 1387, 1386, 1, 5.27%, 0, 1, 2, 5.74
1563349834, 0, 0, 1390, 1389, 1, 5.27%, 0, 1, 2, 5.93
1563349840, 0, 0, 1394, 1393, 1, 5.27%, 0, 1, 2, 5.32
1563349845, 0, 0, 1397, 1396, 1, 5.27%, 0, 1, 2, 5.35
1563349850, 0, 0, 1400, 1399, 1, 5.27%, 0, 1, 2, 5.28
1563349855, 0, 0, 1405, 1404, 1, 5.27%, 0, 1, 2, 5.47
1563349860, 0, 0, 1408, 1407, 1, 5.27%, 0, 1, 2, 5.61
1563349865, 0, 0, 1411, 1410, 1, 5.27%, 0, 1, 2, 5.74
1563349871, 0, 0, 1415, 1414, 1, 5.27%, 0, 1, 2, 5.96
1563349876, 0, 0, 1419, 1418, 1, 5.27%, 0, 1, 2, 5.67
1563349881, 0, 0, 1422, 1421, 1, 5.27%, 0, 1, 2, 5.64
1563349886, 0, 0, 1424, 1423, 1, 5.27%, 0, 1, 2, 5.39
1563349891, 0, 0, 1428, 1427, 1, 5.27%, 0, 1, 2, 5.49
1563349896, 0, 0, 1432, 1431, 1, 5.27%, 0, 1, 2, 5.39
1563349902, 0, 0, 1436, 1435, 1, 5.27%, 0, 1, 2, 5.49
1563349907, 0, 0, 1438, 1437, 1, 5.27%, 0, 1, 2, 5.29
1563349912, 0, 0, 1442, 1441, 1, 5.27%, 0, 1, 2, 5.10
1563349917, 0, 0, 1444, 1443, 1, 5.27%, 0, 1, 2, 5.03
1563349922, 0, 0, 1446, 1445, 1, 5.27%, 0, 1, 2, 5.19
1563349927, 0, 0, 1450, 1449, 1, 5.27%, 0, 1, 2, 5.39
1563349932, 0, 0, 1453, 1452, 1, 5.27%, 0, 1, 2, 5.05
1563349938, 0, 0, 1456, 1455, 1, 5.27%, 0, 1, 2, 5.22
1563349943, 0, 0, 1459, 1458, 1, 5.27%, 0, 1, 2, 5.28
1563349948, 0, 0, 1463, 1462, 1, 5.28%, 0, 1, 2, 5.17
1563349953, 0, 0, 1466, 1465, 1, 5.28%, 0, 1, 2, 5.26
1563349959, 0, 0, 1469, 1468, 1, 5.28%, 0, 1, 2, 5.45
1563349964, 0, 0, 1472, 1471, 1, 5.28%, 0, 1, 2, 5.83
1563349969, 0, 0, 1475, 1474, 1, 5.28%, 0, 1, 2, 5.64
1563349974, 0, 0, 1477, 1476, 1, 5.28%, 0, 1, 2, 5.49
1563349979, 0, 0, 1481, 1480, 1, 5.28%, 0, 1, 2, 5.21
1563349985, 0, 0, 1484, 1483, 1, 5.28%, 0, 1, 2, 5.75
1563349990, 0, 0, 1486, 1485, 1, 5.28%, 0, 1, 2, 5.79
1563349995, 0, 0, 1489, 1488, 1, 5.28%, 0, 1, 2, 5.72
1563350000, 0, 0, 1491, 1490, 1, 5.28%, 0, 1, 2, 5.71
1563350005, 0, 0, 1495, 1494, 1, 5.28%, 0, 1, 2, 5.66
1563350010, 0, 0, 1498, 1497, 1, 5.28%, 0, 1, 2, 5.66
1563350016, 0, 0, 1502, 1501, 1, 5.28%, 0, 1, 2, 5.45
1563350021, 0, 0, 1504, 1503, 1, 5.29%, 0, 1, 2, 5.44
1563350026, 0, 0, 1507, 1506, 1, 5.29%, 0, 1, 2, 5.50
1563350031, 0, 0, 1511, 1510, 1, 5.29%, 0, 1, 2, 5.75
1563350036, 0, 0, 1514, 1513, 1, 5.29%, 0, 1, 2, 5.93
1563350041, 0, 0, 1517, 1516, 1, 5.29%, 0, 1, 2, 5.98
1563350046, 0, 0, 1519, 1518, 1, 5.29%, 0, 1, 2, 5.57
1563350052, 0, 0, 1522, 1521, 1, 5.29%, 0, 1, 2, 5.57
1563350057, 0, 0, 1524, 1523, 1, 5.29%, 0, 1, 2, 5.29
1563350062, 0, 0, 1528, 1527, 1, 5.29%, 0, 1, 2, 5.16
1563350067, 0, 0, 1531, 1530, 1, 5.29%, 0, 1, 2, 5.62
1563350072, 0, 0, 1534, 1533, 1, 5.29%, 0, 1, 2, 5.69
1563350077, 0, 0, 1536, 1535, 1, 5.29%, 0, 1, 2, 5.48
1563350083, 0, 0, 1539, 1538, 1, 5.29%, 0, 1, 2, 5.45
1563350088, 0, 0, 1541, 1540, 1, 5.29%, 0, 1, 2, 5.40
1563350093, 0, 0, 1546, 1545, 1, 5.29%, 0, 1, 2, 5.36
1563350098, 0, 0, 1549, 1548, 1, 5.29%, 0, 1, 2, 5.39
1563350103, 0, 0, 1552, 1551, 1, 5.29%, 0, 1, 2, 5.36
1563350108, 0, 0, 1555, 1554, 1, 5.29%, 0, 1, 2, 5.60
1563350113, 0, 0, 1557, 1556, 1, 5.29%, 0, 1, 2, 5.52
1563350118, 0, 0, 1559, 1558, 1, 5.29%, 0, 1, 2, 5.15
1563350124, 0, 0, 1561, 1560, 1, 5.30%, 0, 1, 2, 5.46
1563350129, 0, 0, 1567, 1566, 1, 5.30%, 0, 1, 2, 5.15
1563350134, 0, 0, 1572, 1571, 1, 5.31%, 0, 1, 2, 5.14
1563350139, 0, 0, 1574, 1573, 1, 5.31%, 0, 1, 2, 5.14
1563350144, 0, 0, 1577, 1576, 1, 5.31%, 0, 1, 2, 4.81
1563350149, 0, 0, 1580, 1579, 1, 5.31%, 0, 1, 2, 5.04
1563350154, 0, 0, 1583, 1582, 1, 5.31%, 0, 1, 2, 5.02
1563350160, 0, 0, 1586, 1585, 1, 5.31%, 0, 1, 2, 5.08
1563350165, 0, 0, 1588, 1587, 1, 5.31%, 0, 1, 2, 5.12
1563350170, 0, 0, 1591, 1590, 1, 5.31%, 0, 1, 2, 5.19
1563350175, 0, 0, 1594, 1593, 1, 5.31%, 0, 1, 2, 5.00
1563350180, 0, 0, 1597, 1596, 1, 5.31%, 0, 1, 2, 5.07
1563350186, 0, 0, 1600, 1599, 1, 5.31%, 0, 1, 2, 4.96
1563350191, 0, 0, 1603, 1602, 1, 5.31%, 0, 1, 2, 5.17
1563350196, 0, 0, 1606, 1605, 1, 5.31%, 0, 1, 2, 5.52
1563350201, 0, 0, 1610, 1609, 1, 5.31%, 0, 1, 2, 5.33
1563350206, 0, 0, 1614, 1613, 1, 5.32%, 0, 1, 2, 5.22
1563350211, 0, 0, 1616, 1615, 1, 5.32%, 0, 1, 2, 5.32
1563350217, 0, 0, 1619, 1618, 1, 5.32%, 0, 1, 2, 5.35
1563350222, 0, 0, 1621, 1620, 1, 5.33%, 0, 1, 2, 5.23
1563350227, 0, 0, 1624, 1623, 1, 5.33%, 0, 1, 2, 5.11
1563350232, 0, 0, 1627, 1626, 1, 5.33%, 0, 1, 2, 5.00
1563350237, 0, 0, 1629, 1628, 1, 5.33%, 0, 1, 2, 5.01
1563350242, 0, 0, 1632, 1631, 1, 5.33%, 0, 1, 2, 5.25
1563350247, 0, 0, 1635, 1634, 1, 5.33%, 0, 1, 2, 5.19
1563350253, 0, 0, 1639, 1638, 1, 5.33%, 0, 1, 2, 5.23
1563350258, 0, 0, 1642, 1641, 1, 5.33%, 0, 1, 2, 5.31
1563350263, 0, 0, 1644, 1643, 1, 5.33%, 0, 1, 2, 5.43
1563350268, 0, 0, 1647, 1646, 1, 5.34%, 0, 1, 2, 5.36
1563350273, 0, 0, 1651, 1650, 1, 5.34%, 0, 1, 2, 5.16
1563350278, 0, 0, 1654, 1653, 1, 5.34%, 0, 1, 2, 5.17
1563350283, 0, 0, 1660, 1659, 1, 5.34%, 0, 1, 2, 5.22
1563350288, 0, 0, 1663, 1662, 1, 5.34%, 0, 1, 2, 5.60
1563350294, 0, 0, 1665, 1664, 1, 5.34%, 0, 1, 2, 5.31
1563350299, 0, 0, 1667, 1666, 1, 5.34%, 0, 1, 2, 5.24
1563350304, 0, 0, 1669, 1668, 1, 5.34%, 0, 1, 2, 5.18
1563350309, 0, 4, 1670, 1669, 251, 5.34%, 0, 1, 2, 6.31
1563350412, 0, 4, 1671, 1669, 250, 5.34%, 0, 1, 2, 6.29
1563350418, 0, 4, 1674, 1672, 250, 5.34%, 0, 1, 2, 5.45
1563350423, 0, 4, 1677, 1675, 250, 5.34%, 0, 1, 2, 5.24
1563350428, 0, 4, 1680, 1678, 250, 5.34%, 0, 1, 2, 5.32
1563350433, 0, 4, 1683, 1681, 250, 5.34%, 0, 1, 2, 5.25
1563350438, 0, 4, 1687, 1685, 250, 5.34%, 0, 1, 2, 5.34
1563350443, 0, 4, 1690, 1688, 250, 5.34%, 0, 1, 2, 5.27
1563350449, 0, 4, 1692, 1690, 250, 5.34%, 0, 1, 2, 5.03
1563350454, 0, 4, 1696, 1694, 250, 5.35%, 0, 1, 2, 5.25
1563350459, 0, 4, 1699, 1697, 250, 5.35%, 0, 1, 2, 5.16
1563350464, 0, 4, 1702, 1700, 250, 5.35%, 0, 1, 2, 4.96
1563350470, 0, 4, 1705, 1703, 250, 5.35%, 0, 1, 2, 4.91
1563350475, 0, 4, 1707, 1705, 250, 5.35%, 0, 1, 2, 4.74
1563350480, 0, 4, 1711, 1709, 250, 5.35%, 0, 1, 2, 4.94
1563350485, 0, 4, 1713, 1711, 250, 5.35%, 0, 1, 2, 4.89
1563350490, 0, 4, 1717, 1715, 250, 5.35%, 0, 1, 2, 5.20
1563350495, 0, 4, 1720, 1718, 250, 5.35%, 0, 1, 2, 5.00
1563350501, 0, 47, 1720, 1718, 253, 5.35%, 0, 1, 2, 4.98
1563355055, 0, 47, 1721, 1719, 253, 5.35%, 0, 1, 3, 4.90
1563360638, 0, 47, 1723, 1720, 252, 5.35%, 0, 1, 3, 4.64
1563360644, 0, 47, 1726, 1723, 252, 5.35%, 0, 1, 3, 4.41
1563360649, 0, 47, 1728, 1725, 252, 5.36%, 0, 1, 3, 4.30
1563360654, 0, 47, 1731, 1728, 252, 5.37%, 0, 1, 3, 4.75
1563360659, 0, 47, 1734, 1731, 252, 5.37%, 0, 1, 3, 4.56
1563360664, 0, 47, 1736, 1733, 252, 5.37%, 0, 1, 3, 4.45
1563360669, 0, 47, 1739, 1736, 252, 5.42%, 0, 1, 3, 4.48
1563360674, 0, 47, 1743, 1740, 252, 5.42%, 0, 1, 3, 4.32
1563360679, 0, 47, 1747, 1744, 252, 5.42%, 0, 1, 3, 4.26
1563360684, 0, 47, 1751, 1748, 252, 5.43%, 0, 1, 3, 4.23
1563360689, 0, 47, 1754, 1751, 252, 5.43%, 0, 1, 3, 4.30
1563360694, 0, 47, 1758, 1755, 252, 5.43%, 0, 1, 3, 4.44
1563360700, 0, 47, 1761, 1758, 252, 5.43%, 0, 1, 3, 4.49
1563360705, 0, 47, 1764, 1761, 252, 5.43%, 0, 1, 3, 4.37
1563360710, 0, 47, 1766, 1763, 252, 5.43%, 0, 1, 3, 4.64
1563360715, 0, 47, 1769, 1766, 252, 5.43%, 0, 1, 3, 4.45
1563360720, 0, 47, 1773, 1770, 252, 5.43%, 0, 1, 3, 4.68
1563360725, 0, 47, 1776, 1773, 252, 5.43%, 0, 1, 3, 4.57
1563360730, 0, 47, 1778, 1775, 252, 5.43%, 0, 1, 3, 4.41
1563360736, 0, 47, 1781, 1778, 252, 5.44%, 0, 1, 3, 4.50
1563360741, 0, 47, 1785, 1782, 252, 5.44%, 0, 1, 3, 4.62
1563360746, 0, 47, 1788, 1785, 252, 5.44%, 0, 1, 3, 4.38
1563360751, 0, 47, 1789, 1786, 252, 5.44%, 0, 1, 3, 4.45
1563360757, 0, 47, 1791, 1788, 252, 5.44%, 0, 1, 3, 4.34
1563360762, 0, 47, 1796, 1793, 252, 5.44%, 0, 1, 3, 4.38
1563360767, 0, 47, 1799, 1796, 252, 5.44%, 0, 1, 3, 4.60
1563360772, 0, 47, 1802, 1799, 252, 5.44%, 0, 1, 3, 4.66
1563360778, 0, 47, 1805, 1802, 252, 5.44%, 0, 1, 3, 4.60
1563360783, 0, 47, 1808, 1805, 252, 5.44%, 0, 1, 3, 4.46
1563360788, 0, 47, 1812, 1809, 252, 5.44%, 0, 1, 3, 4.34
1563360793, 0, 47, 1814, 1811, 252, 5.44%, 0, 1, 3, 4.47
1563360798, 0, 47, 1816, 1813, 252, 5.44%, 0, 1, 3, 4.38
1563360803, 0, 47, 1818, 1815, 252, 5.44%, 0, 1, 3, 4.23
1563360808, 0, 47, 1822, 1819, 252, 5.44%, 0, 1, 3, 4.28
1563360813, 0, 47, 1825, 1822, 252, 5.44%, 0, 1, 3, 4.24
1563360818, 0, 47, 1826, 1823, 252, 5.44%, 0, 1, 3, 4.22
1563360829, 0, 82, 1827, 1824, 259, 5.44%, 0, 1, 3, 4.03
1563360911, 0, 82, 1828, 1825, 259, 5.44%, 0, 1, 3, 4.74
1563361324, 0, 82, 1829, 1826, 259, 5.44%, 0, 1, 3, 4.61
1563369849, 0, 82, 1830, 1826, 258, 5.44%, 0, 1, 3, 4.79
1563369854, 0, 82, 1833, 1829, 258, 5.44%, 0, 1, 3, 4.59
1563369860, 0, 82, 1837, 1833, 258, 5.44%, 0, 1, 3, 4.63
1563369865, 0, 82, 1840, 1836, 258, 5.44%, 0, 1, 3, 4.33
1563369870, 0, 82, 1841, 1837, 258, 5.44%, 0, 1, 3, 4.42
1563369875, 0, 82, 1845, 1841, 258, 5.44%, 0, 1, 3, 4.48
1563369880, 0, 82, 1847, 1843, 258, 5.44%, 0, 1, 3, 4.35
1563369886, 0, 82, 1851, 1847, 258, 5.44%, 0, 1, 3, 4.43
1563369891, 0, 82, 1854, 1850, 258, 5.44%, 0, 1, 3, 4.47
1563369896, 0, 82, 1857, 1853, 258, 5.44%, 0, 1, 3, 4.30
1563369901, 0, 149, 1859, 1855, 254, 5.44%, 0, 1, 3, 4.27
1563376137, 0, 149, 1860, 1855, 253, 5.45%, 0, 1, 3, 4.89
1563376142, 0, 149, 1864, 1859, 253, 5.45%, 0, 1, 3, 4.56
1563376147, 0, 149, 1867, 1862, 253, 5.45%, 0, 1, 3, 4.56
1563376152, 0, 149, 1870, 1865, 253, 5.45%, 0, 1, 3, 4.50
1563376157, 0, 149, 1873, 1868, 253, 5.45%, 0, 1, 3, 4.40
1563376162, 0, 149, 1875, 1870, 253, 5.45%, 0, 1, 3, 4.40
1563376167, 0, 149, 1877, 1872, 253, 5.45%, 0, 1, 3, 4.73
1563376173, 0, 151, 1879, 1874, 253, 5.45%, 0, 1, 3, 4.41
1563384085, 0, 151, 1881, 1875, 252, 5.45%, 0, 1, 3, 5.13
1563384090, 0, 151, 1883, 1877, 252, 5.45%, 0, 1, 3, 4.99
1563384095, 0, 151, 1886, 1880, 252, 5.45%, 0, 1, 3, 4.55
1563384100, 0, 151, 1888, 1882, 252, 5.45%, 0, 1, 3, 4.69
1563384105, 0, 203, 1891, 1885, 252, 5.45%, 0, 1, 3, 4.54
1563384183, 0, 203, 1892, 1886, 252, 5.45%, 0, 1, 3, 5.20
1563384240, 0, 203, 1893, 1887, 252, 5.45%, 0, 1, 3, 4.98
1563385009, 0, 203, 1894, 1888, 252, 5.45%, 0, 1, 3, 5.18
1563393605, 0, 203, 1897, 1890, 251, 5.45%, 0, 1, 3, 5.21
1563393611, 0, 203, 1899, 1892, 251, 5.45%, 0, 1, 3, 4.95
1563393616, 0, 203, 1902, 1895, 251, 5.45%, 0, 1, 3, 4.90
1563393621, 0, 203, 1905, 1898, 251, 5.45%, 0, 1, 3, 4.97
1563393626, 0, 203, 1909, 1902, 251, 5.45%, 0, 1, 3, 4.85
1563393631, 0, 203, 1910, 1903, 251, 5.45%, 0, 1, 3, 4.66
1563393636, 0, 204, 1912, 1905, 253, 5.45%, 0, 1, 3, 4.82
1563394622, 0, 204, 1913, 1906, 253, 5.45%, 0, 1, 3, 5.19
1563397994, 0, 204, 1915, 1907, 252, 5.45%, 0, 1, 3, 2.78
1563397999, 0, 208, 1917, 1909, 252, 5.45%, 0, 1, 3, 3.96
1563398138, 0, 208, 1918, 1910, 252, 5.45%, 0, 1, 3, 4.69
1563400106, 0, 208, 1919, 1911, 252, 5.45%, 0, 1, 3, 4.41
1563401775, 0, 208, 1920, 1912, 252, 5.45%, 0, 1, 3, 4.78
1563404124, 0, 208, 1921, 1913, 252, 5.45%, 0, 1, 3, 4.53
1563405470, 0, 208, 1923, 1914, 251, 5.45%, 0, 1, 3, 4.44
1563405475, 0, 208, 1927, 1918, 251, 5.45%, 0, 1, 3, 4.38
1563405481, 0, 211, 1930, 1921, 251, 5.45%, 0, 1, 3, 4.31
1563405702, 0, 211, 1931, 1922, 251, 5.45%, 0, 1, 3, 4.59
1563405759, 0, 211, 1932, 1923, 251, 5.45%, 0, 1, 3, 4.87
1563409775, 0, 211, 1933, 1924, 251, 5.45%, 0, 1, 3, 4.73
1563414131, 0, 211, 1934, 1925, 251, 5.45%, 0, 1, 3, 4.48
1563414403, 0, 211, 1935, 1926, 251, 5.45%, 0, 1, 3, 4.52
1563414793, 0, 211, 1935, 1925, 250, 5.45%, 0, 1, 3, 4.69
1563414798, 0, 211, 1938, 1928, 250, 5.45%, 0, 1, 3, 4.52
1563414803, 0, 211, 1941, 1931, 250, 5.45%, 0, 1, 3, 4.49
1563414808, 0, 211, 1943, 1933, 250, 5.45%, 0, 1, 3, 4.75
1563414813, 0, 211, 1946, 1936, 250, 5.45%, 0, 1, 3, 4.62
1563414818, 0, 220, 1946, 1936, 251, 5.45%, 0, 1, 3, 4.72
