# unix_time, cycles_done, cur_path, paths_total, pending_total, pending_favs, map_size, unique_crashes, unique_hangs, max_depth, execs_per_sec
1563336224, 0, 0, 2, 2, 2, 0.47%, 0, 0, 1, 100.63
1563336229, 0, 0, 22, 22, 2, 0.66%, 0, 0, 2, 107.29
1563336234, 0, 0, 42, 42, 2, 0.80%, 0, 0, 2, 105.24
1563336240, 0, 0, 43, 43, 2, 0.81%, 0, 0, 2, 103.55
1563336255, 0, 0, 66, 66, 2, 1.00%, 0, 0, 2, 102.77
1563336260, 0, 0, 77, 77, 2, 1.03%, 0, 0, 2, 103.51
1563336265, 0, 0, 92, 92, 2, 1.21%, 0, 0, 2, 103.32
1563336270, 0, 0, 94, 94, 2, 1.21%, 0, 0, 2, 104.56
1563336286, 0, 0, 106, 106, 2, 1.28%, 0, 0, 2, 104.97
1563336291, 0, 0, 113, 113, 2, 1.30%, 0, 0, 2, 103.17
1563336296, 0, 0, 120, 120, 2, 1.33%, 0, 0, 2, 105.08
1563336301, 0, 0, 121, 121, 2, 1.33%, 0, 0, 2, 101.89
1563336316, 0, 0, 126, 126, 2, 1.34%, 0, 0, 2, 102.23
1563336322, 0, 0, 128, 128, 2, 1.35%, 0, 0, 2, 103.04
1563336327, 0, 0, 131, 131, 2, 1.35%, 0, 0, 2, 105.22
1563336332, 0, 0, 132, 132, 2, 1.35%, 0, 0, 2, 110.98
1563336337, 0, 0, 136, 136, 2, 1.37%, 0, 0, 2, 107.27
1563336347, 0, 0, 144, 144, 2, 1.57%, 0, 0, 2, 107.20
1563336352, 0, 0, 148, 148, 2, 1.59%, 0, 0, 2, 106.33
1563336362, 0, 0, 149, 149, 2, 1.60%, 0, 0, 2, 104.24
1563336367, 0, 0, 162, 162, 2, 1.81%, 0, 0, 2, 100.19
1563336372, 0, 0, 164, 164, 2, 1.81%, 0, 0, 2, 99.36
1563336382, 0, 0, 168, 168, 2, 1.87%, 0, 0, 2, 99.92
1563336388, 0, 0, 174, 174, 2, 1.90%, 0, 0, 2, 99.90
1563336393, 0, 0, 178, 178, 2, 1.91%, 0, 0, 2, 103.86
1563336403, 0, 0, 179, 179, 2, 1.91%, 0, 0, 2, 105.88
1563336408, 0, 0, 180, 180, 2, 1.94%, 0, 0, 2, 106.88
1563336413, 0, 0, 181, 181, 2, 1.94%, 0, 0, 2, 103.62
1563336433, 0, 0, 185, 185, 2, 1.95%, 0, 0, 2, 105.00
1563336438, 0, 0, 187, 187, 2, 1.95%, 0, 0, 2, 109.21
1563336444, 0, 0, 188, 188, 2, 1.97%, 0, 0, 2, 105.79
1563336449, 0, 0, 194, 194, 2, 1.98%, 0, 0, 2, 107.48
1563336459, 0, 0, 198, 198, 2, 2.00%, 0, 0, 2, 102.78
1563336464, 0, 0, 200, 200, 2, 2.00%, 0, 0, 2, 102.34
1563336469, 0, 0, 201, 201, 2, 2.00%, 0, 0, 2, 103.53
1563336484, 0, 0, 203, 203, 2, 2.00%, 0, 0, 2, 106.36
1563336489, 0, 0, 206, 206, 2, 2.00%, 0, 0, 2, 106.16
1563336494, 0, 0, 207, 207, 2, 2.00%, 0, 0, 2, 104.35
1563336504, 0, 0, 212, 212, 2, 2.02%, 0, 0, 2, 101.47
1563336509, 0, 0, 213, 213, 2, 2.02%, 0, 0, 2, 100.52
1563336514, 0, 0, 214, 214, 2, 2.02%, 0, 0, 2, 103.35
1563336519, 0, 0, 217, 217, 2, 2.02%, 0, 0, 2, 100.68
1563336535, 0, 0, 230, 230, 2, 2.03%, 0, 0, 2, 115.34
1563336540, 0, 0, 234, 234, 2, 2.06%, 0, 0, 2, 116.08
1563336545, 0, 0, 239, 239, 2, 2.07%, 0, 0, 2, 115.12
1563336550, 0, 0, 242, 242, 2, 2.07%, 0, 0, 2, 115.85
1563336555, 0, 0, 247, 247, 2, 2.07%, 0, 0, 2, 113.77
1563336560, 0, 0, 252, 252, 2, 2.07%, 0, 0, 2, 113.50
1563336565, 0, 0, 257, 257, 2, 2.19%, 0, 0, 2, 113.45
1563336570, 0, 0, 261, 261, 2, 2.20%, 0, 0, 2, 112.95
1563336575, 0, 0, 265, 265, 2, 2.21%, 0, 0, 2, 111.79
1563336580, 0, 0, 269, 269, 2, 2.22%, 0, 0, 2, 108.78
1563336585, 0, 0, 272, 272, 2, 2.22%, 0, 0, 2, 112.47
1563336590, 0, 0, 275, 275, 2, 2.23%, 0, 0, 2, 113.22
1563336595, 0, 0, 277, 277, 2, 2.23%, 0, 0, 2, 109.75
1563336600, 0, 0, 281, 281, 2, 2.23%, 0, 0, 2, 116.57
1563336605, 0, 0, 284, 284, 2, 2.23%, 0, 0, 2, 116.10
1563336611, 0, 0, 287, 287, 2, 2.23%, 0, 0, 2, 115.79
1563336616, 0, 0, 289, 289, 2, 2.23%, 0, 0, 2, 105.92
1563336621, 0, 0, 294, 294, 2, 2.24%, 0, 0, 2, 115.09
1563336626, 0, 0, 296, 296, 2, 2.27%, 0, 0, 2, 112.00
1563336631, 0, 0, 302, 302, 2, 2.27%, 0, 0, 2, 112.20
1563336636, 0, 0, 303, 303, 2, 2.27%, 0, 0, 2, 111.41
1563336641, 0, 0, 307, 307, 2, 2.31%, 0, 0, 2, 113.41
1563336646, 0, 0, 310, 310, 2, 2.32%, 0, 0, 2, 114.26
1563336652, 0, 0, 315, 315, 2, 2.34%, 0, 0, 2, 114.91
1563336657, 0, 0, 320, 320, 2, 2.35%, 0, 0, 2, 114.37
1563336662, 0, 0, 323, 323, 2, 2.36%, 0, 0, 2, 110.35
1563336667, 0, 0, 326, 326, 2, 2.36%, 0, 0, 2, 112.34
1563336672, 0, 0, 329, 329, 2, 2.36%, 0, 0, 2, 112.69
1563336682, 0, 0, 332, 332, 2, 2.37%, 0, 0, 2, 108.90
1563336687, 0, 0, 335, 335, 2, 2.37%, 0, 0, 2, 115.06
1563336692, 0, 0, 336, 336, 2, 2.37%, 0, 0, 2, 114.27
1563336697, 0, 0, 339, 339, 2, 2.37%, 0, 0, 2, 116.15
1563336702, 0, 0, 341, 341, 2, 2.37%, 0, 0, 2, 116.00
1563336707, 0, 0, 342, 342, 2, 2.37%, 0, 0, 2, 113.84
1563336713, 0, 0, 344, 344, 2, 2.37%, 0, 0, 2, 115.70
1563336718, 0, 0, 346, 346, 2, 2.37%, 0, 0, 2, 113.00
1563336723, 0, 0, 347, 347, 2, 2.37%, 0, 0, 2, 111.50
1563336728, 0, 0, 348, 348, 2, 2.37%, 0, 0, 2, 114.50
1563336733, 0, 0, 351, 351, 2, 2.37%, 0, 0, 2, 108.11
1563336738, 0, 0, 355, 355, 2, 2.38%, 0, 0, 2, 114.07
1563336743, 0, 0, 357, 357, 2, 2.38%, 0, 0, 2, 114.36
1563336748, 0, 0, 360, 360, 2, 2.42%, 0, 0, 2, 111.91
1563336753, 0, 0, 361, 361, 2, 2.42%, 0, 0, 2, 114.63
1563336758, 0, 0, 365, 365, 2, 2.42%, 0, 0, 2, 113.68
1563336769, 0, 0, 366, 366, 2, 2.42%, 0, 0, 2, 111.02
1563336774, 0, 0, 367, 367, 2, 2.42%, 0, 0, 2, 109.02
1563336779, 0, 0, 368, 368, 2, 2.42%, 0, 0, 2, 107.52
1563336784, 0, 0, 370, 370, 2, 2.42%, 0, 0, 2, 111.14
1563336789, 0, 0, 373, 373, 2, 2.43%, 0, 0, 2, 112.21
1563336794, 0, 0, 374, 374, 2, 2.43%, 0, 0, 2, 115.59
1563336799, 0, 0, 375, 375, 2, 2.43%, 0, 0, 2, 113.00
1563336804, 0, 0, 376, 376, 2, 2.45%, 0, 0, 2, 109.58
1563336809, 0, 0, 378, 378, 2, 2.45%, 0, 0, 2, 112.10
1563336814, 0, 0, 379, 379, 2, 2.45%, 0, 0, 2, 114.53
1563336819, 0, 0, 383, 383, 2, 2.46%, 0, 0, 2, 117.55
1563336825, 0, 0, 386, 386, 2, 2.46%, 0, 0, 2, 114.01
1563336830, 0, 0, 387, 387, 2, 2.46%, 0, 0, 2, 111.44
1563336835, 0, 1, 387, 386, 140, 2.46%, 0, 0, 2, 111.00
1563336840, 0, 1, 393, 392, 140, 2.47%, 0, 0, 2, 112.07
1563336860, 0, 1, 394, 393, 140, 2.47%, 0, 0, 2, 118.27
1563336880, 0, 1, 397, 396, 140, 2.47%, 0, 0, 2, 108.13
1563336901, 0, 1, 399, 398, 140, 2.49%, 0, 0, 2, 121.54
1563336911, 0, 1, 405, 404, 140, 2.55%, 0, 0, 2, 116.83
1563336921, 0, 1, 406, 405, 140, 2.55%, 0, 0, 2, 118.08
1563336968, 0, 1, 407, 406, 140, 2.55%, 0, 0, 2, 113.66
1563336983, 0, 1, 410, 409, 140, 2.55%, 0, 0, 2, 113.83
1563336988, 0, 1, 411, 410, 140, 2.55%, 0, 0, 2, 120.08
1563336993, 0, 1, 412, 411, 140, 2.55%, 0, 0, 2, 115.94
1563337004, 0, 1, 414, 413, 140, 2.57%, 0, 0, 2, 114.99
1563337009, 0, 1, 415, 414, 140, 2.57%, 0, 0, 2, 118.32
1563337019, 0, 1, 416, 415, 140, 2.57%, 0, 0, 2, 119.92
1563337024, 0, 1, 417, 416, 140, 2.57%, 0, 0, 2, 119.38
1563337029, 0, 1, 420, 419, 140, 2.57%, 0, 0, 2, 117.55
1563337040, 0, 1, 422, 421, 140, 2.60%, 0, 0, 2, 115.71
1563337045, 0, 1, 424, 423, 140, 2.61%, 0, 0, 2, 112.77
1563337055, 0, 1, 427, 426, 140, 2.61%, 0, 0, 2, 107.91
1563337060, 0, 1, 429, 428, 140, 2.61%, 0, 0, 2, 116.56
1563337091, 0, 1, 430, 429, 140, 2.61%, 0, 0, 2, 117.29
1563337107, 0, 1, 431, 430, 140, 2.61%, 0, 0, 2, 120.43
1563337112, 0, 1, 432, 431, 140, 2.61%, 0, 0, 2, 119.99
1563337122, 0, 1, 433, 432, 140, 2.62%, 0, 0, 2, 115.44
1563337127, 0, 1, 434, 433, 140, 2.62%, 0, 0, 2, 114.17
1563337137, 0, 1, 435, 434, 140, 2.63%, 0, 0, 2, 116.92
1563337142, 0, 1, 437, 436, 140, 2.63%, 0, 0, 2, 118.12
1563337153, 0, 1, 438, 437, 140, 2.63%, 0, 0, 2, 116.55
1563337163, 0, 1, 441, 440, 140, 2.63%, 0, 0, 2, 113.67
1563337168, 0, 1, 442, 441, 140, 2.63%, 0, 0, 2, 115.46
1563337173, 0, 1, 443, 442, 140, 2.63%, 0, 0, 2, 122.27
1563337178, 0, 1, 444, 443, 140, 2.63%, 0, 0, 2, 121.35
1563337184, 0, 1, 448, 447, 140, 2.65%, 0, 0, 2, 117.21
1563337199, 0, 1, 449, 448, 140, 2.65%, 0, 0, 2, 115.64
1563337204, 0, 1, 450, 449, 140, 2.66%, 0, 0, 2, 117.53
1563337209, 0, 1, 451, 450, 140, 2.66%, 0, 0, 2, 119.64
1563337220, 0, 1, 454, 453, 140, 2.66%, 0, 0, 2, 114.11
1563337225, 0, 1, 455, 454, 140, 2.66%, 0, 0, 2, 116.93
1563337230, 0, 1, 456, 455, 140, 2.66%, 0, 0, 2, 117.40
1563337235, 0, 1, 457, 456, 140, 2.66%, 0, 0, 2, 114.85
1563337251, 0, 1, 458, 457, 140, 2.66%, 0, 0, 2, 114.52
1563337261, 0, 1, 459, 458, 140, 2.66%, 0, 0, 2, 116.14
1563337266, 0, 1, 460, 459, 140, 2.66%, 0, 0, 2, 116.98
1563337271, 0, 3, 460, 458, 148, 2.66%, 0, 0, 2, 133.22
1563337276, 0, 10, 461, 458, 147, 2.66%, 0, 0, 3, 124.31
1563337287, 0, 10, 463, 460, 147, 2.66%, 0, 0, 3, 120.60
1563337297, 0, 10, 465, 462, 147, 2.66%, 0, 0, 3, 127.15
1563337378, 0, 27, 465, 461, 145, 2.66%, 0, 0, 3, 114.49
1563337668, 0, 27, 467, 463, 145, 2.66%, 0, 0, 3, 112.50
1563337673, 0, 27, 472, 468, 145, 2.66%, 0, 0, 3, 115.48
1563337678, 0, 27, 475, 471, 145, 2.67%, 0, 0, 3, 112.84
1563337683, 0, 27, 477, 473, 145, 2.69%, 0, 0, 3, 115.92
1563337688, 0, 27, 479, 475, 145, 2.76%, 0, 0, 3, 115.11
1563337698, 0, 27, 482, 478, 145, 2.77%, 0, 0, 3, 117.24
1563337708, 0, 27, 483, 479, 145, 2.77%, 0, 0, 3, 118.74
1563337713, 0, 27, 485, 481, 145, 2.77%, 0, 0, 3, 117.62
1563337719, 0, 27, 486, 482, 145, 2.79%, 0, 0, 3, 118.25
1563337724, 0, 27, 490, 486, 145, 2.79%, 0, 0, 3, 117.65
1563337744, 0, 27, 491, 487, 145, 2.79%, 0, 0, 3, 119.93
1563337749, 0, 27, 492, 488, 145, 2.79%, 0, 0, 3, 121.38
1563337754, 0, 27, 494, 490, 145, 2.79%, 0, 0, 3, 115.30
1563337765, 0, 27, 495, 491, 145, 2.79%, 0, 0, 3, 118.20
1563337791, 0, 27, 496, 492, 145, 2.79%, 0, 0, 3, 117.00
1563337796, 0, 27, 498, 494, 145, 2.79%, 0, 0, 3, 115.76
1563337811, 0, 27, 499, 495, 145, 2.79%, 0, 0, 3, 111.25
1563337821, 0, 27, 502, 498, 145, 2.80%, 0, 0, 3, 116.25
1563337831, 0, 27, 504, 500, 145, 2.80%, 0, 0, 3, 119.95
1563337836, 0, 27, 505, 501, 145, 2.80%, 0, 0, 3, 115.12
1563337842, 0, 27, 506, 502, 145, 2.80%, 0, 0, 3, 116.32
1563337862, 0, 27, 508, 504, 145, 2.80%, 0, 0, 3, 114.08
1563337877, 0, 27, 510, 506, 145, 2.81%, 0, 0, 3, 117.42
1563337903, 0, 27, 512, 508, 145, 2.81%, 0, 0, 3, 115.27
1563337908, 0, 27, 513, 509, 145, 2.81%, 0, 0, 3, 116.86
1563337913, 0, 27, 515, 511, 145, 2.81%, 0, 0, 3, 118.81
1563337934, 0, 27, 516, 512, 145, 2.81%, 0, 0, 3, 114.14
1563337944, 0, 27, 519, 515, 145, 2.81%, 0, 0, 3, 115.04
1563337954, 0, 32, 521, 516, 153, 2.81%, 0, 0, 3, 114.69
1563338071, 0, 32, 524, 519, 153, 2.81%, 0, 0, 3, 98.51
1563338092, 0, 32, 525, 520, 153, 2.81%, 0, 0, 3, 104.00
1563338152, 0, 32, 526, 521, 153, 2.81%, 0, 0, 3, 106.76
1563338224, 0, 35, 526, 520, 152, 2.81%, 0, 0, 3, 113.96
1563338229, 0, 35, 527, 521, 152, 2.81%, 0, 0, 3, 108.31
1563338244, 0, 35, 528, 522, 152, 2.81%, 0, 0, 3, 98.87
1563338422, 0, 35, 529, 523, 152, 2.82%, 0, 0, 3, 106.25
1563338498, 0, 35, 531, 525, 152, 2.83%, 0, 0, 3, 114.22
1563338503, 0, 35, 532, 526, 152, 2.84%, 0, 0, 3, 114.01
1563338513, 0, 35, 533, 527, 152, 2.84%, 0, 0, 3, 116.57
1563338518, 0, 35, 534, 528, 152, 2.84%, 0, 0, 3, 107.06
1563338524, 0, 35, 536, 530, 152, 2.84%, 0, 0, 3, 109.91
1563338529, 0, 35, 538, 532, 152, 2.87%, 0, 0, 3, 110.71
1563338544, 0, 35, 539, 533, 152, 2.87%, 0, 0, 3, 115.18
1563338554, 0, 35, 540, 534, 152, 2.89%, 0, 0, 3, 117.43
1563338559, 0, 35, 543, 537, 152, 2.90%, 0, 0, 3, 113.05
1563338564, 0, 35, 545, 539, 152, 2.90%, 0, 0, 3, 100.89
1563338574, 0, 35, 547, 541, 152, 2.90%, 0, 0, 3, 119.84
1563338590, 0, 35, 548, 542, 152, 2.90%, 0, 0, 3, 115.08
1563338605, 0, 35, 550, 544, 152, 2.92%, 0, 0, 3, 115.63
1563338616, 0, 35, 551, 545, 152, 2.92%, 0, 0, 3, 117.25
1563338621, 0, 35, 553, 547, 152, 2.92%, 0, 0, 3, 114.96
1563338626, 0, 35, 554, 548, 152, 2.92%, 0, 0, 3, 116.58
1563338631, 0, 35, 555, 549, 152, 2.93%, 0, 0, 3, 112.60
1563338641, 0, 35, 556, 550, 152, 2.93%, 0, 0, 3, 117.38
1563338646, 0, 35, 558, 552, 152, 2.93%, 0, 0, 3, 110.45
1563338656, 0, 35, 559, 553, 152, 2.93%, 0, 0, 3, 118.34
1563338661, 0, 35, 560, 554, 152, 2.93%, 0, 0, 3, 117.95
1563338666, 0, 35, 561, 555, 152, 2.93%, 0, 0, 3, 117.20
1563338682, 0, 35, 563, 557, 152, 2.93%, 0, 0, 3, 114.25
1563338687, 0, 35, 564, 558, 152, 2.93%, 0, 0, 3, 119.05
1563338692, 0, 35, 565, 559, 152, 2.93%, 0, 0, 3, 116.79
1563338697, 0, 35, 567, 561, 152, 2.93%, 0, 0, 3, 117.39
1563338702, 0, 35, 569, 563, 152, 2.95%, 0, 0, 3, 119.69
1563338707, 0, 35, 570, 564, 152, 2.95%, 0, 0, 3, 115.77
1563338713, 0, 35, 572, 566, 152, 2.95%, 0, 0, 3, 112.88
1563338718, 0, 35, 573, 567, 152, 2.95%, 0, 0, 3, 117.83
1563338733, 0, 35, 574, 568, 152, 2.95%, 0, 0, 3, 114.52
1563338748, 0, 35, 575, 569, 152, 2.95%, 0, 0, 3, 118.53
1563338758, 0, 35, 577, 571, 152, 2.95%, 0, 0, 3, 117.31
1563338774, 0, 35, 578, 572, 152, 2.95%, 0, 0, 3, 117.63
1563338779, 0, 35, 579, 573, 152, 2.95%, 0, 0, 3, 118.06
1563338784, 0, 36, 580, 573, 159, 2.95%, 0, 0, 3, 110.41
1563338804, 0, 36, 581, 574, 159, 2.95%, 0, 0, 3, 105.65
1563338814, 0, 36, 582, 575, 159, 2.96%, 0, 0, 3, 97.70
1563339069, 0, 47, 582, 574, 159, 2.96%, 0, 0, 3, 117.05
1563339181, 0, 47, 583, 575, 159, 2.96%, 0, 0, 3, 109.98
1563339355, 0, 47, 584, 576, 159, 2.96%, 0, 0, 3, 112.75
1563339360, 0, 47, 586, 578, 159, 2.96%, 0, 0, 3, 115.77
1563339411, 0, 47, 588, 580, 159, 2.96%, 0, 0, 3, 109.51
1563339426, 0, 47, 589, 581, 159, 2.96%, 0, 0, 3, 115.49
1563339436, 0, 47, 590, 582, 159, 2.96%, 0, 0, 3, 107.28
1563339451, 0, 47, 591, 583, 159, 2.96%, 0, 0, 3, 112.86
1563339502, 0, 47, 592, 584, 159, 2.98%, 0, 0, 3, 116.71
1563339513, 0, 47, 593, 585, 159, 2.98%, 0, 0, 3, 113.65
1563339523, 0, 47, 594, 586, 159, 3.00%, 0, 0, 3, 113.07
1563339548, 0, 47, 595, 587, 159, 3.00%, 0, 0, 3, 113.31
1563339594, 0, 47, 596, 588, 159, 3.00%, 0, 0, 3, 117.05
1563339604, 0, 47, 597, 589, 159, 3.00%, 0, 0, 3, 115.46
1563339619, 0, 47, 599, 591, 159, 3.00%, 0, 0, 3, 118.94
1563339624, 0, 47, 600, 592, 159, 3.00%, 0, 0, 3, 114.58
1563339629, 0, 47, 602, 594, 159, 3.00%, 0, 0, 3, 118.30
1563339644, 0, 49, 602, 593, 164, 3.00%, 0, 0, 3, 118.60
1563339670, 0, 49, 610, 601, 164, 3.00%, 0, 0, 3, 95.88
1563339701, 0, 49, 612, 603, 164, 3.01%, 0, 0, 3, 105.25
1563339726, 0, 49, 613, 604, 164, 3.01%, 0, 0, 3, 104.19
1563339757, 0, 49, 614, 605, 164, 3.01%, 0, 0, 3, 109.43
1563339863, 0, 49, 619, 610, 164, 3.02%, 0, 0, 3, 106.56
1563339909, 0, 49, 620, 611, 164, 3.02%, 0, 0, 3, 105.59
1563339934, 0, 49, 621, 612, 164, 3.02%, 0, 0, 3, 108.54
1563339944, 0, 49, 622, 613, 164, 3.02%, 0, 0, 3, 110.07
1563339950, 0, 49, 623, 614, 164, 3.02%, 0, 0, 3, 110.50
1563339965, 0, 49, 624, 615, 164, 3.03%, 0, 0, 3, 105.10
1563339975, 0, 49, 625, 616, 164, 3.03%, 0, 0, 3, 112.85
1563340011, 0, 49, 626, 617, 164, 3.03%, 0, 0, 3, 108.23
1563340016, 0, 49, 627, 618, 164, 3.03%, 0, 0, 3, 113.18
1563340036, 0, 49, 628, 619, 164, 3.03%, 0, 0, 3, 115.01
1563340041, 0, 49, 629, 620, 164, 3.03%, 0, 0, 3, 113.73
1563340046, 0, 49, 631, 622, 164, 3.03%, 0, 0, 3, 119.00
1563340097, 0, 49, 633, 624, 164, 3.04%, 0, 0, 3, 114.47
1563340113, 0, 49, 634, 625, 164, 3.04%, 0, 0, 3, 105.39
1563340128, 0, 49, 635, 626, 164, 3.04%, 0, 0, 3, 120.19
1563340148, 0, 49, 636, 627, 164, 3.04%, 0, 0, 3, 115.89
1563340153, 0, 51, 636, 626, 170, 3.04%, 0, 0, 3, 113.98
1563340174, 0, 51, 637, 627, 170, 3.04%, 0, 0, 3, 105.19
1563340205, 0, 51, 638, 628, 170, 3.05%, 0, 0, 3, 98.59
1563340454, 0, 52, 638, 627, 170, 3.05%, 0, 0, 3, 110.20
1563340479, 0, 52, 644, 633, 170, 3.09%, 0, 0, 3, 109.75
1563340505, 0, 52, 645, 634, 170, 3.09%, 0, 0, 3, 106.50
1563340541, 0, 52, 646, 635, 170, 3.09%, 0, 0, 3, 105.07
1563340587, 0, 52, 647, 636, 170, 3.09%, 0, 0, 3, 109.58
1563340729, 0, 52, 649, 638, 170, 3.09%, 0, 0, 3, 109.92
1563340770, 0, 53, 649, 637, 171, 3.09%, 0, 0, 3, 103.60
1563340790, 0, 53, 650, 638, 171, 3.09%, 0, 0, 3, 102.59
1563341075, 0, 53, 651, 639, 171, 3.09%, 0, 0, 3, 113.70
1563341091, 0, 53, 652, 640, 171, 3.10%, 0, 0, 3, 114.23
1563341106, 0, 53, 653, 641, 171, 3.10%, 0, 0, 3, 113.74
1563341111, 0, 53, 654, 642, 171, 3.11%, 0, 0, 3, 114.68
1563341157, 0, 53, 655, 643, 171, 3.11%, 0, 0, 3, 100.97
1563341162, 0, 53, 656, 644, 171, 3.11%, 0, 0, 3, 118.26
1563341172, 0, 53, 657, 645, 171, 3.11%, 0, 0, 3, 118.36
1563341193, 0, 53, 658, 646, 171, 3.11%, 0, 0, 3, 112.83
1563341218, 0, 53, 659, 647, 171, 3.11%, 0, 0, 3, 114.39
1563341249, 0, 53, 661, 649, 171, 3.12%, 0, 0, 3, 120.58
1563341259, 0, 53, 662, 650, 171, 3.12%, 0, 0, 3, 118.02
1563341310, 0, 53, 663, 651, 171, 3.12%, 0, 0, 3, 120.68
1563341356, 0, 66, 663, 650, 176, 3.12%, 0, 0, 3, 107.04
1563341377, 0, 66, 664, 651, 176, 3.12%, 0, 0, 3, 106.03
1563341382, 0, 66, 665, 652, 176, 3.12%, 0, 0, 3, 109.17
1563341407, 0, 66, 666, 653, 176, 3.14%, 0, 0, 3, 113.85
1563341432, 0, 66, 667, 654, 176, 3.14%, 0, 0, 3, 106.33
1563341494, 0, 66, 668, 655, 176, 3.15%, 0, 0, 3, 104.86
1563341580, 0, 66, 669, 656, 176, 3.15%, 0, 0, 3, 116.75
1563341641, 0, 68, 669, 655, 178, 3.15%, 0, 0, 3, 109.11
1563341666, 0, 68, 670, 656, 178, 3.15%, 0, 0, 3, 106.23
1563341925, 0, 68, 672, 658, 178, 3.15%, 0, 0, 3, 125.57
1563341936, 0, 68, 673, 659, 178, 3.15%, 0, 0, 3, 126.05
1563341941, 0, 68, 674, 660, 178, 3.15%, 0, 0, 3, 121.33
1563341946, 0, 68, 675, 661, 178, 3.15%, 0, 0, 3, 115.43
1563341961, 0, 68, 676, 662, 178, 3.15%, 0, 0, 3, 125.56
1563341992, 0, 68, 677, 663, 178, 3.15%, 0, 0, 3, 125.71
1563342002, 0, 68, 678, 664, 178, 3.15%, 0, 0, 3, 116.93
1563342007, 0, 68, 680, 666, 178, 3.15%, 0, 0, 3, 122.78
1563342022, 0, 68, 684, 670, 178, 3.18%, 0, 0, 3, 119.21
1563342032, 0, 68, 685, 671, 178, 3.18%, 0, 0, 3, 122.65
1563342042, 0, 68, 686, 672, 178, 3.18%, 0, 0, 3, 125.79
1563342068, 0, 68, 687, 673, 178, 3.18%, 0, 0, 3, 107.65
1563342078, 0, 68, 689, 675, 178, 3.18%, 0, 0, 3, 111.50
1563342083, 0, 68, 690, 676, 178, 3.18%, 0, 0, 3, 117.09
1563342098, 0, 68, 691, 677, 178, 3.18%, 0, 0, 3, 119.13
1563342124, 0, 68, 692, 678, 178, 3.18%, 0, 0, 3, 123.45
1563342139, 0, 68, 693, 679, 178, 3.18%, 0, 0, 3, 119.47
1563342165, 0, 68, 695, 681, 178, 3.18%, 0, 0, 3, 117.47
1563342170, 0, 68, 696, 682, 178, 3.18%, 0, 0, 3, 115.50
1563342175, 0, 68, 698, 684, 178, 3.18%, 0, 0, 3, 117.87
1563342180, 0, 68, 699, 685, 178, 3.18%, 0, 0, 3, 119.02
1563342185, 0, 68, 700, 686, 178, 3.18%, 0, 0, 3, 116.62
1563342196, 0, 73, 700, 685, 184, 3.18%, 0, 0, 3, 110.74
1563342221, 0, 73, 701, 686, 184, 3.18%, 0, 0, 3, 101.36
1563342318, 0, 73, 704, 689, 184, 3.19%, 0, 0, 3, 111.64
1563342338, 0, 73, 706, 691, 184, 3.19%, 0, 0, 3, 108.68
1563342343, 0, 73, 710, 695, 184, 3.19%, 0, 0, 3, 105.08
1563342470, 0, 73, 711, 696, 184, 3.19%, 0, 0, 3, 110.82
1563342475, 0, 73, 712, 697, 184, 3.19%, 0, 0, 3, 116.56
1563342490, 0, 73, 713, 698, 184, 3.19%, 0, 0, 3, 114.64
1563342572, 0, 73, 714, 699, 184, 3.19%, 0, 0, 3, 117.95
1563342577, 0, 73, 715, 700, 184, 3.19%, 0, 0, 3, 120.65
1563342582, 0, 73, 716, 701, 184, 3.19%, 0, 0, 3, 119.67
1563342623, 0, 73, 717, 702, 184, 3.19%, 0, 0, 3, 120.80
1563342664, 0, 73, 718, 703, 184, 3.19%, 0, 0, 3, 117.66
1563342680, 0, 77, 718, 702, 186, 3.19%, 0, 0, 3, 115.27
1563342975, 0, 77, 719, 703, 186, 3.19%, 0, 0, 3, 126.10
1563342995, 0, 88, 719, 702, 185, 3.19%, 0, 0, 3, 121.27
1563343000, 0, 88, 720, 703, 185, 3.20%, 0, 0, 3, 121.52
1563343077, 0, 88, 721, 704, 185, 3.20%, 0, 0, 3, 119.02
1563343092, 0, 88, 723, 706, 185, 3.20%, 0, 0, 3, 120.16
1563343107, 0, 88, 724, 707, 185, 3.20%, 0, 0, 3, 122.66
1563343168, 0, 88, 725, 708, 185, 3.20%, 0, 0, 3, 115.07
1563343256, 0, 88, 726, 709, 185, 3.23%, 0, 0, 3, 121.90
1563343266, 0, 88, 727, 710, 185, 3.24%, 0, 0, 3, 112.16
1563343291, 0, 91, 727, 709, 189, 3.24%, 0, 0, 3, 116.85
1563343546, 0, 93, 727, 708, 188, 3.24%, 0, 0, 3, 125.43
1563343552, 0, 93, 728, 709, 188, 3.24%, 0, 0, 3, 129.44
1563343557, 0, 93, 729, 710, 188, 3.24%, 0, 0, 3, 130.49
1563343562, 0, 93, 730, 711, 188, 3.24%, 0, 0, 3, 127.19
1563343587, 0, 93, 731, 712, 188, 3.24%, 0, 0, 3, 129.74
1563343593, 0, 93, 732, 713, 188, 3.24%, 0, 0, 3, 128.21
1563343598, 0, 93, 734, 715, 188, 3.24%, 0, 0, 3, 128.18
1563343644, 0, 93, 735, 716, 188, 3.24%, 0, 0, 3, 126.52
1563343654, 0, 93, 737, 718, 188, 3.24%, 0, 0, 3, 125.24
1563343710, 0, 93, 739, 720, 188, 3.24%, 0, 0, 3, 121.83
1563343716, 0, 93, 740, 721, 188, 3.24%, 0, 0, 3, 121.73
1563343726, 0, 93, 741, 722, 188, 3.24%, 0, 0, 3, 111.16
1563343756, 0, 93, 742, 723, 188, 3.24%, 0, 0, 3, 122.68
1563343787, 0, 93, 743, 724, 188, 3.24%, 0, 0, 3, 118.80
1563343832, 0, 93, 744, 725, 188, 3.24%, 0, 0, 3, 124.94
1563343843, 0, 93, 745, 726, 188, 3.25%, 0, 0, 3, 125.04
1563343863, 0, 93, 746, 727, 188, 3.25%, 0, 0, 3, 125.32
1563343868, 0, 93, 747, 728, 188, 3.25%, 0, 0, 3, 125.87
1563343904, 0, 93, 749, 730, 188, 3.25%, 0, 0, 3, 129.05
1563343909, 0, 93, 750, 731, 188, 3.26%, 0, 0, 3, 129.65
1563343919, 0, 93, 751, 732, 188, 3.26%, 0, 0, 3, 125.63
1563343945, 0, 93, 752, 733, 188, 3.26%, 0, 0, 3, 127.22
1563343950, 0, 93, 753, 734, 188, 3.26%, 0, 0, 3, 127.66
1563343955, 0, 93, 754, 735, 188, 3.26%, 0, 0, 3, 128.57
1563343970, 0, 94, 754, 734, 189, 3.26%, 0, 0, 3, 122.42
1563343991, 0, 94, 755, 735, 189, 3.29%, 0, 0, 3, 118.55
1563344037, 0, 94, 756, 736, 189, 3.29%, 0, 0, 3, 115.31
1563344083, 0, 94, 757, 737, 189, 3.29%, 0, 0, 3, 120.42
1563344145, 0, 94, 760, 740, 189, 3.29%, 0, 0, 3, 117.33
1563344185, 0, 94, 762, 742, 189, 3.29%, 0, 0, 3, 113.22
1563344206, 0, 94, 763, 743, 189, 3.29%, 0, 0, 3, 115.82
1563344211, 0, 94, 764, 744, 189, 3.29%, 0, 0, 3, 119.26
1563344231, 0, 94, 765, 745, 189, 3.29%, 0, 0, 3, 120.38
1563344242, 0, 94, 766, 746, 189, 3.29%, 0, 0, 3, 120.82
1563344252, 0, 94, 767, 747, 189, 3.29%, 0, 0, 3, 120.38
1563344359, 0, 94, 768, 748, 189, 3.30%, 0, 0, 3, 118.84
1563344416, 0, 94, 769, 749, 189, 3.30%, 0, 0, 3, 130.79
1563344457, 0, 94, 770, 750, 189, 3.31%, 0, 0, 3, 124.59
1563344472, 0, 96, 770, 749, 190, 3.31%, 0, 0, 3, 119.36
1563344528, 0, 96, 771, 750, 190, 3.31%, 0, 0, 3, 108.62
1563344748, 0, 96, 772, 751, 190, 3.31%, 0, 0, 3, 120.85
1563344753, 0, 96, 773, 752, 190, 3.31%, 0, 0, 3, 122.79
1563344768, 0, 97, 773, 751, 190, 3.31%, 0, 0, 3, 122.95
1563344963, 0, 97, 774, 752, 190, 3.31%, 0, 0, 3, 129.54
1563344973, 0, 101, 774, 751, 189, 3.31%, 0, 0, 3, 119.81
1563345249, 0, 101, 775, 752, 189, 3.31%, 0, 0, 3, 126.52
1563345254, 0, 101, 776, 753, 189, 3.31%, 0, 0, 3, 121.17
1563345259, 0, 101, 777, 754, 189, 3.31%, 0, 0, 3, 123.63
1563345311, 0, 118, 777, 753, 188, 3.31%, 0, 0, 3, 124.09
1563345321, 0, 118, 778, 754, 188, 3.31%, 0, 0, 3, 128.20
1563345357, 0, 118, 780, 756, 188, 3.33%, 0, 0, 3, 138.61
1563345423, 0, 118, 781, 757, 188, 3.33%, 0, 0, 3, 133.66
1563345475, 0, 123, 781, 756, 189, 3.33%, 0, 0, 3, 118.96
1563345495, 0, 123, 782, 757, 189, 3.33%, 0, 0, 3, 112.82
1563345521, 0, 123, 784, 759, 189, 3.34%, 0, 0, 3, 113.47
1563345765, 0, 127, 784, 758, 190, 3.34%, 0, 0, 3, 118.56
1563345785, 0, 127, 785, 759, 190, 3.34%, 0, 0, 3, 112.94
1563345816, 0, 127, 786, 760, 190, 3.34%, 0, 0, 3, 113.84
1563345907, 0, 127, 787, 761, 190, 3.34%, 0, 0, 3, 115.90
1563346046, 0, 127, 788, 762, 190, 3.34%, 0, 0, 3, 113.98
1563346056, 0, 127, 790, 764, 190, 3.34%, 0, 0, 3, 126.49
1563346107, 0, 127, 791, 765, 190, 3.34%, 0, 0, 3, 121.49
1563346143, 0, 127, 792, 766, 190, 3.34%, 0, 0, 3, 123.71
1563346245, 0, 136, 792, 765, 189, 3.34%, 0, 0, 3, 126.16
1563346276, 0, 136, 793, 766, 189, 3.34%, 0, 0, 3, 122.60
1563346281, 0, 136, 796, 769, 189, 3.34%, 0, 0, 3, 123.06
1563346373, 0, 136, 797, 770, 189, 3.34%, 0, 0, 3, 132.34
1563346384, 0, 136, 798, 771, 189, 3.41%, 0, 0, 3, 134.55
1563346404, 0, 144, 798, 770, 188, 3.41%, 0, 0, 3, 125.06
1563346409, 0, 144, 799, 771, 188, 3.41%, 0, 0, 3, 118.62
1563346512, 0, 144, 800, 772, 188, 3.41%, 0, 0, 3, 118.52
1563346655, 0, 145, 800, 771, 188, 3.41%, 0, 0, 3, 121.29
1563346794, 0, 146, 800, 770, 187, 3.41%, 0, 0, 3, 123.76
1563346902, 0, 146, 801, 771, 187, 3.41%, 0, 0, 3, 123.02
1563347046, 0, 146, 802, 772, 187, 3.41%, 0, 0, 3, 124.06
1563347051, 0, 146, 803, 773, 187, 3.41%, 0, 0, 3, 124.21
1563347071, 0, 148, 803, 772, 188, 3.41%, 0, 0, 3, 123.26
1563347076, 0, 148, 804, 773, 188, 3.41%, 0, 0, 3, 115.11
1563347377, 0, 153, 804, 772, 188, 3.41%, 0, 0, 3, 115.34
1563347413, 0, 153, 805, 773, 188, 3.41%, 0, 0, 3, 61.41
1563347418, 0, 153, 806, 774, 188, 3.41%, 0, 0, 3, 82.66
1563347755, 0, 153, 807, 775, 188, 3.41%, 0, 0, 3, 118.95
1563347770, 0, 154, 807, 774, 188, 3.41%, 0, 0, 3, 115.59
1563348080, 0, 156, 807, 773, 187, 3.41%, 0, 0, 3, 116.78
1563348131, 0, 156, 808, 774, 187, 3.43%, 0, 0, 3, 105.47
1563348161, 0, 156, 809, 775, 187, 3.43%, 0, 0, 3, 104.95
1563348381, 0, 156, 810, 776, 187, 3.43%, 0, 0, 3, 124.60
1563348391, 0, 156, 811, 777, 187, 3.43%, 0, 0, 3, 130.70
1563348407, 0, 158, 811, 776, 186, 3.43%, 0, 0, 3, 115.34
1563348484, 0, 158, 812, 777, 186, 3.44%, 0, 0, 3, 109.14
1563348535, 0, 158, 813, 778, 186, 3.44%, 0, 0, 3, 110.70
1563348698, 0, 159, 813, 777, 188, 3.44%, 0, 0, 3, 123.05
1563348974, 0, 159, 815, 779, 188, 3.44%, 0, 0, 3, 135.48
1563349000, 0, 160, 815, 778, 187, 3.44%, 0, 0, 3, 136.09
1563349020, 0, 160, 831, 794, 187, 3.45%, 0, 0, 3, 132.74
1563349041, 0, 160, 837, 800, 187, 3.45%, 0, 0, 3, 132.53
1563349061, 0, 160, 838, 801, 187, 3.45%, 0, 0, 3, 127.37
1563349066, 0, 160, 839, 802, 187, 3.46%, 0, 0, 3, 123.82
1563349071, 0, 160, 840, 803, 187, 3.46%, 0, 0, 3, 122.91
1563349102, 0, 160, 841, 804, 187, 3.46%, 0, 0, 3, 119.71
1563349107, 0, 160, 845, 808, 187, 3.48%, 0, 0, 3, 121.84
1563349112, 0, 160, 847, 810, 187, 3.48%, 0, 0, 3, 116.41
1563349159, 0, 160, 852, 815, 187, 3.48%, 0, 0, 3, 119.04
1563349190, 0, 160, 853, 816, 187, 3.48%, 0, 0, 3, 106.25
1563349195, 0, 160, 857, 820, 187, 3.50%, 0, 0, 3, 110.19
1563349200, 0, 165, 857, 819, 198, 3.50%, 0, 0, 3, 117.60
1563349225, 0, 165, 860, 822, 198, 3.51%, 0, 0, 3, 117.35
1563349246, 0, 165, 863, 825, 198, 3.52%, 0, 0, 3, 119.00
1563349267, 0, 165, 865, 827, 198, 3.52%, 0, 0, 3, 117.82
1563349313, 0, 165, 866, 828, 198, 3.52%, 0, 0, 3, 114.73
1563349328, 0, 165, 867, 829, 198, 3.53%, 0, 0, 3, 120.50
1563349353, 0, 165, 868, 830, 198, 3.53%, 0, 0, 3, 124.65
1563349379, 0, 165, 869, 831, 198, 3.53%, 0, 0, 3, 130.66
1563349419, 0, 165, 871, 833, 198, 3.53%, 0, 0, 3, 126.42
1563349429, 0, 169, 871, 832, 204, 3.53%, 0, 0, 3, 126.23
1563349552, 0, 169, 872, 833, 204, 3.53%, 0, 0, 3, 125.44
1563349685, 0, 172, 872, 832, 204, 3.53%, 0, 0, 3, 128.31
1563349818, 0, 172, 873, 833, 204, 3.53%, 0, 0, 3, 120.61
1563349941, 0, 173, 873, 832, 204, 3.53%, 0, 0, 3, 125.16
1563350069, 0, 173, 874, 833, 204, 3.53%, 0, 0, 3, 117.06
1563350197, 0, 179, 874, 832, 204, 3.53%, 0, 0, 3, 128.07
1563350207, 0, 179, 875, 833, 204, 3.53%, 0, 0, 3, 128.70
1563350243, 0, 179, 878, 836, 204, 3.53%, 0, 0, 3, 124.47
1563350294, 0, 179, 879, 837, 204, 3.53%, 0, 0, 3, 136.70
1563350299, 0, 179, 880, 838, 204, 3.53%, 0, 0, 3, 137.94
1563350319, 0, 179, 881, 839, 204, 3.53%, 0, 0, 3, 136.22
1563350340, 0, 179, 882, 840, 204, 3.53%, 0, 0, 3, 136.74
1563350350, 0, 179, 884, 842, 204, 3.53%, 0, 0, 3, 136.99
1563350361, 0, 179, 885, 843, 204, 3.53%, 0, 0, 3, 140.99
1563350387, 0, 179, 886, 844, 204, 3.53%, 0, 0, 3, 137.03
1563350453, 0, 179, 887, 845, 204, 3.53%, 0, 0, 3, 131.61
1563350469, 0, 179, 888, 846, 204, 3.53%, 0, 0, 3, 138.97
1563350540, 0, 183, 888, 845, 204, 3.53%, 0, 0, 3, 113.72
1563350694, 0, 183, 889, 846, 204, 3.53%, 0, 0, 3, 107.17
1563350699, 0, 183, 890, 847, 204, 3.53%, 0, 0, 3, 110.23
1563350734, 0, 194, 890, 846, 203, 3.53%, 0, 0, 3, 110.15
1563350856, 0, 194, 893, 849, 203, 3.55%, 0, 0, 3, 110.17
1563350932, 0, 194, 894, 850, 203, 3.55%, 0, 0, 3, 107.10
1563350948, 0, 196, 894, 849, 204, 3.55%, 0, 0, 3, 103.06
1563351085, 0, 196, 897, 852, 204, 3.56%, 0, 0, 3, 100.24
1563351280, 0, 198, 897, 851, 204, 3.56%, 0, 0, 3, 108.71
1563351428, 0, 198, 898, 852, 204, 3.56%, 0, 0, 3, 106.55
1563351570, 0, 212, 898, 851, 203, 3.56%, 0, 0, 3, 110.69
1563351596, 0, 212, 899, 852, 203, 3.57%, 0, 0, 3, 97.12
1563351627, 0, 212, 901, 854, 203, 3.57%, 0, 0, 3, 95.16
1563351857, 0, 216, 901, 853, 203, 3.57%, 0, 0, 3, 100.25
1563352149, 0, 216, 902, 854, 203, 3.57%, 0, 0, 3, 95.39
1563352169, 0, 230, 902, 853, 202, 3.57%, 0, 0, 3, 113.30
1563352221, 0, 230, 903, 854, 202, 3.57%, 0, 0, 3, 116.11
1563352323, 0, 230, 905, 856, 202, 3.57%, 0, 0, 3, 113.14
1563352354, 0, 241, 905, 855, 201, 3.57%, 0, 0, 3, 110.76
1563352374, 0, 241, 906, 856, 201, 3.57%, 0, 0, 3, 107.99
1563352395, 0, 241, 907, 857, 201, 3.57%, 0, 0, 3, 108.77
1563352400, 0, 241, 910, 860, 201, 3.58%, 0, 0, 3, 106.85
1563352425, 0, 241, 911, 861, 201, 3.58%, 0, 0, 3, 109.31
1563352435, 0, 241, 912, 862, 201, 3.58%, 0, 0, 3, 113.83
1563352440, 0, 241, 913, 863, 201, 3.58%, 0, 0, 3, 109.12
1563352446, 0, 241, 915, 865, 201, 3.58%, 0, 0, 3, 107.07
1563352461, 0, 241, 916, 866, 201, 3.58%, 0, 0, 3, 107.56
1563352466, 0, 241, 919, 869, 201, 3.59%, 0, 0, 3, 108.59
1563352476, 0, 241, 921, 871, 201, 3.59%, 0, 0, 3, 110.83
1563352481, 0, 241, 922, 872, 201, 3.59%, 0, 0, 3, 112.85
1563352491, 0, 241, 923, 873, 201, 3.59%, 0, 0, 3, 110.28
1563352506, 0, 241, 924, 874, 201, 3.59%, 0, 0, 3, 114.12
1563352517, 0, 241, 926, 876, 201, 3.59%, 0, 0, 3, 115.85
1563352522, 0, 241, 928, 878, 201, 3.59%, 0, 0, 3, 113.15
1563352542, 0, 241, 929, 879, 201, 3.59%, 0, 0, 3, 113.13
1563352573, 0, 241, 930, 880, 201, 3.59%, 0, 0, 3, 112.00
1563352583, 0, 241, 932, 882, 201, 3.59%, 0, 0, 3, 107.99
1563352588, 0, 241, 933, 883, 201, 3.59%, 0, 0, 3, 108.54
1563352608, 0, 241, 935, 885, 201, 3.59%, 0, 0, 3, 109.18
1563352619, 0, 241, 936, 886, 201, 3.59%, 0, 0, 3, 114.08
1563352629, 0, 241, 937, 887, 201, 3.59%, 0, 0, 3, 112.29
1563352645, 0, 241, 938, 888, 201, 3.59%, 0, 0, 3, 110.30
1563352655, 0, 251, 938, 887, 204, 3.59%, 0, 0, 3, 104.99
1563352742, 0, 251, 939, 888, 204, 3.59%, 0, 0, 3, 105.43
1563352838, 0, 253, 939, 887, 203, 3.59%, 0, 0, 3, 106.95
1563353082, 0, 254, 939, 886, 202, 3.59%, 0, 0, 3, 112.74
1563353087, 0, 254, 940, 887, 202, 3.59%, 0, 0, 3, 103.85
1563353107, 0, 254, 944, 891, 202, 3.60%, 0, 0, 3, 103.41
1563353266, 0, 254, 945, 892, 202, 3.60%, 0, 0, 3, 113.15
1563353276, 0, 254, 946, 893, 202, 3.60%, 0, 0, 3, 107.59
1563353362, 0, 269, 946, 892, 204, 3.60%, 0, 0, 3, 108.35
1563353510, 0, 274, 946, 891, 203, 3.60%, 0, 0, 3, 114.37
1563353515, 0, 274, 949, 894, 203, 3.64%, 0, 0, 3, 112.71
1563353526, 0, 274, 950, 895, 203, 3.64%, 0, 0, 3, 114.23
1563353536, 0, 274, 951, 896, 203, 3.64%, 0, 0, 3, 115.22
1563353541, 0, 274, 952, 897, 203, 3.64%, 0, 0, 3, 113.76
1563353577, 0, 274, 953, 898, 203, 3.64%, 0, 0, 3, 115.41
1563353592, 0, 274, 955, 900, 203, 3.65%, 0, 0, 3, 115.06
1563353597, 0, 274, 956, 901, 203, 3.67%, 0, 0, 3, 117.48
1563353602, 0, 274, 958, 903, 203, 3.67%, 0, 0, 3, 114.64
1563353607, 0, 274, 960, 905, 203, 3.70%, 0, 0, 3, 114.76
1563353612, 0, 274, 962, 907, 203, 3.70%, 0, 0, 3, 116.96
1563353623, 0, 274, 963, 908, 203, 3.70%, 0, 0, 3, 116.01
1563353628, 0, 274, 965, 910, 203, 3.70%, 0, 0, 3, 113.27
1563353633, 0, 274, 967, 912, 203, 3.70%, 0, 0, 3, 120.62
1563353638, 0, 274, 969, 914, 203, 3.74%, 0, 0, 3, 115.53
1563353648, 0, 274, 971, 916, 203, 3.74%, 0, 0, 3, 114.03
1563353658, 0, 274, 972, 917, 203, 3.74%, 0, 0, 3, 113.37
1563353664, 0, 274, 973, 918, 203, 3.74%, 0, 0, 3, 113.41
1563353669, 0, 274, 975, 920, 203, 3.74%, 0, 0, 3, 112.88
1563353679, 0, 274, 976, 921, 203, 3.74%, 0, 0, 3, 108.49
1563353689, 0, 274, 977, 922, 203, 3.74%, 0, 0, 3, 108.96
1563353694, 0, 274, 978, 923, 203, 3.74%, 0, 0, 3, 109.41
1563353699, 0, 274, 979, 924, 203, 3.74%, 0, 0, 3, 114.37
1563353714, 0, 274, 980, 925, 203, 3.74%, 0, 0, 3, 109.62
1563353719, 0, 274, 981, 926, 203, 3.75%, 0, 0, 3, 111.35
1563353730, 0, 274, 983, 928, 203, 3.75%, 0, 0, 3, 119.58
1563353761, 0, 274, 984, 929, 203, 3.75%, 0, 0, 3, 114.19
1563353806, 0, 274, 985, 930, 203, 3.75%, 0, 0, 3, 115.48
1563353816, 0, 274, 987, 932, 203, 3.75%, 0, 0, 3, 117.03
1563353822, 0, 274, 988, 933, 203, 3.75%, 0, 0, 3, 116.75
1563353837, 0, 274, 990, 935, 203, 3.75%, 0, 0, 3, 113.37
1563353852, 0, 274, 991, 936, 203, 3.75%, 0, 0, 3, 109.93
1563353862, 0, 274, 992, 937, 203, 3.76%, 0, 0, 3, 115.06
1563353867, 0, 274, 995, 940, 203, 3.76%, 0, 0, 3, 114.74
1563353888, 0, 281, 995, 939, 203, 3.76%, 0, 0, 3, 104.51
1563354205, 0, 281, 996, 940, 203, 3.76%, 0, 0, 3, 106.57
1563354215, 0, 286, 996, 939, 203, 3.76%, 0, 0, 3, 104.96
1563354241, 0, 286, 998, 941, 203, 3.76%, 0, 0, 3, 99.83
1563354246, 0, 286, 999, 942, 203, 3.76%, 0, 0, 3, 98.11
1563354313, 0, 286, 1000, 943, 203, 3.76%, 0, 0, 3, 98.77
1563354379, 0, 286, 1001, 944, 203, 3.76%, 0, 0, 3, 94.22
1563354517, 0, 286, 1002, 945, 203, 3.76%, 0, 0, 3, 114.23
1563354522, 0, 286, 1003, 946, 203, 3.76%, 0, 0, 3, 110.90
1563354548, 0, 297, 1004, 946, 204, 3.76%, 0, 0, 3, 111.60
1563354716, 0, 297, 1005, 947, 204, 3.76%, 0, 0, 3, 120.04
1563354721, 0, 297, 1006, 948, 204, 3.76%, 0, 0, 3, 121.42
1563354726, 0, 297, 1007, 949, 204, 3.76%, 0, 0, 3, 117.18
1563354737, 0, 297, 1008, 950, 204, 3.76%, 0, 0, 3, 118.55
1563354742, 0, 297, 1009, 951, 204, 3.76%, 0, 0, 3, 118.82
1563354747, 0, 297, 1012, 954, 204, 3.76%, 0, 0, 3, 115.51
1563354772, 0, 297, 1013, 955, 204, 3.76%, 0, 0, 3, 115.80
1563354782, 0, 297, 1014, 956, 204, 3.76%, 0, 0, 3, 114.71
1563354798, 0, 297, 1015, 957, 204, 3.76%, 0, 0, 3, 112.34
1563354803, 0, 297, 1016, 958, 204, 3.76%, 0, 0, 3, 115.44
1563354818, 0, 297, 1018, 960, 204, 3.76%, 0, 0, 3, 117.26
1563354823, 0, 297, 1019, 961, 204, 3.76%, 0, 0, 3, 116.64
1563354828, 0, 297, 1020, 962, 204, 3.76%, 0, 0, 3, 114.32
1563354833, 0, 297, 1023, 965, 204, 3.77%, 0, 0, 3, 113.76
1563354844, 0, 297, 1024, 966, 204, 3.77%, 0, 0, 3, 113.45
1563354864, 0, 297, 1025, 967, 204, 3.77%, 0, 0, 3, 108.85
1563354869, 0, 297, 1027, 969, 204, 3.77%, 0, 0, 3, 107.36
1563354874, 0, 297, 1028, 970, 204, 3.77%, 0, 0, 3, 108.88
1563354895, 0, 297, 1029, 971, 204, 3.77%, 0, 0, 3, 111.28
1563354915, 0, 297, 1030, 972, 204, 3.77%, 0, 0, 3, 115.27
1563354920, 0, 297, 1031, 973, 204, 3.77%, 0, 0, 3, 114.88
1563354946, 0, 297, 1032, 974, 204, 3.77%, 0, 0, 3, 116.40
1563354981, 0, 297, 1033, 975, 204, 3.77%, 0, 0, 3, 112.16
1563355007, 0, 298, 1036, 977, 205, 3.77%, 0, 0, 3, 112.28
1563355017, 0, 298, 1037, 978, 205, 3.77%, 0, 0, 3, 109.22
1563355057, 0, 298, 1038, 979, 205, 3.77%, 0, 0, 3, 117.77
1563355109, 0, 298, 1039, 980, 205, 3.79%, 0, 0, 3, 110.13
1563355124, 0, 298, 1042, 983, 205, 3.79%, 0, 0, 3, 109.40
1563355129, 0, 298, 1043, 984, 205, 3.79%, 0, 0, 3, 111.53
1563355180, 0, 298, 1044, 985, 205, 3.79%, 0, 0, 3, 115.78
1563355185, 0, 298, 1047, 988, 205, 3.80%, 0, 0, 3, 110.93
1563355190, 0, 298, 1048, 989, 205, 3.80%, 0, 0, 3, 107.51
1563355195, 0, 298, 1049, 990, 205, 3.80%, 0, 0, 3, 110.86
1563355200, 0, 298, 1050, 991, 205, 3.80%, 0, 0, 3, 110.97
1563355216, 0, 298, 1051, 992, 205, 3.80%, 0, 0, 3, 114.41
1563355221, 0, 298, 1053, 994, 205, 3.80%, 0, 0, 3, 117.48
1563355236, 0, 298, 1054, 995, 205, 3.80%, 0, 0, 3, 110.84
1563355267, 0, 298, 1055, 996, 205, 3.80%, 0, 0, 3, 109.21
1563355272, 0, 298, 1056, 997, 205, 3.80%, 0, 0, 3, 110.51
1563355302, 0, 298, 1057, 998, 205, 3.80%, 0, 0, 3, 114.27
1563355318, 0, 298, 1058, 999, 205, 3.80%, 0, 0, 3, 116.35
1563355348, 0, 298, 1059, 1000, 205, 3.80%, 0, 0, 3, 109.75
1563355369, 0, 298, 1061, 1002, 205, 3.80%, 0, 0, 3, 113.15
1563355389, 0, 298, 1062, 1003, 205, 3.81%, 0, 0, 3, 107.68
1563355394, 0, 298, 1063, 1004, 205, 3.81%, 0, 0, 3, 111.34
1563355399, 0, 306, 1064, 1004, 209, 3.81%, 0, 0, 3, 109.12
1563355414, 0, 306, 1065, 1005, 209, 3.81%, 0, 0, 3, 108.30
1563355425, 0, 306, 1066, 1006, 209, 3.81%, 0, 0, 3, 106.94
1563355475, 0, 306, 1067, 1007, 209, 3.81%, 0, 0, 3, 106.66
1563355511, 0, 306, 1068, 1008, 209, 3.81%, 0, 0, 3, 108.93
1563355527, 0, 315, 1068, 1007, 209, 3.81%, 0, 0, 3, 112.41
1563355760, 0, 316, 1068, 1006, 208, 3.81%, 0, 0, 3, 108.59
1563355862, 0, 329, 1068, 1005, 207, 3.81%, 0, 0, 3, 111.28
1563355897, 0, 329, 1069, 1006, 207, 3.81%, 0, 0, 3, 113.78
1563355928, 0, 329, 1070, 1007, 207, 3.81%, 0, 0, 3, 113.44
1563355959, 0, 329, 1071, 1008, 207, 3.81%, 0, 0, 3, 110.28
1563356045, 0, 331, 1071, 1007, 207, 3.81%, 0, 0, 3, 109.37
1563356076, 0, 343, 1071, 1006, 206, 3.81%, 0, 0, 3, 113.02
1563356208, 0, 348, 1071, 1005, 205, 3.81%, 0, 0, 3, 104.79
1563356228, 0, 348, 1072, 1006, 205, 3.81%, 0, 0, 3, 97.00
1563356386, 0, 353, 1072, 1005, 204, 3.81%, 0, 0, 3, 110.23
1563356396, 0, 353, 1073, 1006, 204, 3.81%, 0, 0, 3, 115.11
1563356508, 0, 353, 1074, 1007, 204, 3.81%, 0, 0, 3, 107.86
1563356560, 0, 353, 1075, 1008, 204, 3.81%, 0, 0, 3, 115.38
1563356575, 0, 357, 1075, 1007, 203, 3.81%, 0, 0, 3, 112.77
1563356605, 0, 357, 1076, 1008, 203, 3.81%, 0, 0, 3, 102.52
1563356707, 0, 357, 1077, 1009, 203, 3.81%, 0, 0, 3, 112.53
1563356732, 0, 357, 1078, 1010, 203, 3.81%, 0, 0, 3, 111.20
1563356747, 0, 372, 1078, 1009, 202, 3.81%, 0, 0, 3, 117.27
1563356946, 0, 375, 1080, 1010, 201, 3.81%, 0, 0, 3, 110.88
1563356951, 0, 375, 1081, 1011, 201, 3.81%, 0, 0, 3, 110.15
1563356956, 0, 375, 1082, 1012, 201, 3.81%, 0, 0, 3, 110.23
1563356961, 0, 375, 1083, 1013, 201, 3.81%, 0, 0, 3, 109.82
1563356966, 0, 375, 1085, 1015, 201, 3.81%, 0, 0, 3, 109.03
1563356971, 0, 375, 1086, 1016, 201, 3.81%, 0, 0, 3, 103.12
1563356992, 0, 375, 1087, 1017, 201, 3.81%, 0, 0, 3, 111.75
1563357022, 0, 375, 1088, 1018, 201, 3.81%, 0, 0, 3, 108.11
1563357103, 0, 375, 1089, 1019, 201, 3.81%, 0, 0, 3, 109.16
1563357144, 0, 383, 1089, 1018, 202, 3.81%, 0, 0, 3, 122.49
1563357200, 0, 383, 1090, 1019, 202, 3.81%, 0, 0, 3, 111.77
1563357255, 0, 383, 1091, 1020, 202, 3.81%, 0, 0, 3, 106.99
1563357276, 0, 383, 1092, 1021, 202, 3.81%, 0, 0, 3, 109.90
1563357281, 0, 383, 1093, 1022, 202, 3.81%, 0, 0, 3, 115.47
1563357302, 0, 392, 1093, 1021, 200, 3.81%, 0, 0, 3, 108.83
1563357327, 0, 392, 1094, 1022, 200, 3.81%, 0, 0, 3, 111.24
1563357383, 0, 392, 1095, 1023, 200, 3.81%, 0, 0, 3, 110.77
1563357465, 0, 396, 1095, 1022, 199, 3.81%, 0, 0, 3, 106.70
1563357475, 0, 396, 1096, 1023, 199, 3.81%, 0, 0, 3, 107.51
1563357515, 0, 396, 1097, 1024, 199, 3.81%, 0, 0, 3, 114.86
1563357592, 0, 396, 1100, 1027, 199, 3.82%, 0, 0, 3, 120.01
1563357623, 0, 396, 1105, 1032, 199, 3.83%, 0, 0, 3, 102.81
1563357638, 0, 396, 1106, 1033, 199, 3.83%, 0, 0, 3, 117.45
1563357648, 0, 396, 1107, 1034, 199, 3.83%, 0, 0, 3, 116.30
1563357674, 0, 397, 1107, 1033, 198, 3.83%, 0, 0, 3, 103.23
1563357847, 0, 398, 1107, 1032, 197, 3.83%, 0, 0, 3, 19.23
1563357873, 0, 403, 1108, 1032, 197, 3.84%, 0, 0, 3, 105.62
1563357878, 0, 403, 1109, 1033, 197, 3.84%, 0, 0, 3, 108.84
1563357919, 0, 403, 1110, 1034, 197, 3.84%, 0, 0, 3, 116.06
1563357990, 0, 403, 1112, 1036, 197, 3.84%, 0, 0, 3, 97.57
1563357995, 0, 403, 1113, 1037, 197, 3.84%, 0, 0, 3, 110.02
1563358000, 0, 403, 1114, 1038, 197, 3.84%, 0, 0, 3, 113.56
1563358005, 0, 403, 1115, 1039, 197, 3.84%, 0, 0, 3, 113.83
1563358016, 0, 403, 1116, 1040, 197, 3.84%, 0, 0, 3, 113.89
1563358026, 0, 403, 1117, 1041, 197, 3.84%, 0, 0, 3, 112.54
1563358036, 0, 403, 1118, 1042, 197, 3.84%, 0, 0, 3, 110.56
1563358041, 0, 403, 1119, 1043, 197, 3.84%, 0, 0, 3, 113.86
1563358051, 0, 403, 1120, 1044, 197, 3.84%, 0, 0, 3, 107.41
1563358056, 0, 403, 1121, 1045, 197, 3.89%, 0, 0, 3, 111.92
1563358071, 0, 403, 1122, 1046, 197, 3.89%, 0, 0, 3, 118.58
1563358076, 0, 403, 1123, 1047, 197, 3.89%, 0, 0, 3, 120.48
1563358081, 0, 403, 1124, 1048, 197, 3.89%, 0, 0, 3, 117.99
1563358086, 0, 403, 1125, 1049, 197, 3.89%, 0, 0, 3, 117.93
1563358096, 0, 403, 1126, 1050, 197, 3.89%, 0, 0, 3, 117.02
1563358137, 0, 403, 1127, 1051, 197, 3.89%, 0, 0, 3, 121.86
1563358188, 0, 403, 1128, 1052, 197, 3.89%, 0, 0, 3, 110.15
1563358239, 0, 403, 1129, 1053, 197, 3.90%, 0, 0, 3, 110.92
1563358249, 0, 403, 1130, 1054, 197, 3.90%, 0, 0, 3, 109.95
1563358285, 0, 407, 1130, 1053, 199, 3.90%, 0, 0, 3, 109.28
1563358310, 0, 407, 1132, 1055, 199, 3.91%, 0, 0, 3, 100.19
1563358417, 0, 407, 1134, 1057, 199, 3.91%, 0, 0, 3, 105.70
1563358437, 0, 407, 1135, 1058, 199, 3.91%, 0, 0, 3, 105.23
1563358448, 0, 407, 1138, 1061, 199, 3.93%, 0, 0, 3, 102.98
1563358453, 0, 407, 1141, 1064, 199, 3.93%, 0, 0, 3, 107.04
1563358493, 0, 407, 1145, 1068, 199, 3.93%, 0, 0, 3, 103.54
1563358508, 0, 407, 1147, 1070, 199, 3.93%, 0, 0, 3, 104.53
1563358524, 0, 407, 1148, 1071, 199, 3.93%, 0, 0, 3, 104.63
1563358534, 0, 407, 1149, 1072, 199, 3.93%, 0, 0, 3, 105.74
1563358539, 0, 407, 1151, 1074, 199, 3.93%, 0, 0, 3, 112.39
1563358544, 0, 407, 1152, 1075, 199, 3.93%, 0, 0, 3, 113.94
1563358549, 0, 407, 1154, 1077, 199, 3.93%, 0, 0, 3, 114.49
1563358555, 0, 407, 1156, 1079, 199, 3.93%, 0, 0, 3, 112.78
1563358560, 0, 407, 1161, 1084, 199, 3.94%, 0, 0, 3, 112.44
1563358565, 0, 407, 1164, 1087, 199, 3.94%, 0, 0, 3, 115.60
1563358570, 0, 407, 1165, 1088, 199, 3.94%, 0, 0, 3, 116.50
1563358575, 0, 407, 1167, 1090, 199, 3.94%, 0, 0, 3, 113.74
1563358580, 0, 407, 1168, 1091, 199, 3.94%, 0, 0, 3, 119.24
1563358585, 0, 407, 1171, 1094, 199, 3.94%, 0, 0, 3, 121.12
1563358590, 0, 407, 1173, 1096, 199, 3.94%, 0, 0, 3, 120.90
1563358595, 0, 407, 1174, 1097, 199, 3.94%, 0, 0, 3, 119.14
1563358606, 0, 407, 1176, 1099, 199, 3.95%, 0, 0, 3, 118.75
1563358611, 0, 407, 1177, 1100, 199, 3.95%, 0, 0, 3, 117.91
1563358631, 0, 407, 1178, 1101, 199, 3.95%, 0, 0, 3, 121.18
1563358636, 0, 407, 1179, 1102, 199, 3.95%, 0, 0, 3, 123.27
1563358641, 0, 407, 1180, 1103, 199, 3.95%, 0, 0, 3, 127.41
1563358646, 0, 407, 1181, 1104, 199, 3.95%, 0, 0, 3, 126.00
1563358651, 0, 407, 1182, 1105, 199, 3.95%, 0, 0, 3, 122.25
1563358666, 0, 407, 1183, 1106, 199, 3.95%, 0, 0, 3, 117.36
1563358687, 0, 407, 1185, 1108, 199, 3.95%, 0, 0, 3, 114.00
1563358692, 0, 407, 1187, 1110, 199, 3.95%, 0, 0, 3, 113.29
1563358707, 0, 407, 1188, 1111, 199, 3.95%, 0, 0, 3, 107.15
1563358717, 0, 407, 1189, 1112, 199, 3.96%, 0, 0, 3, 108.74
1563358743, 0, 407, 1190, 1113, 199, 3.96%, 0, 0, 3, 113.18
1563358768, 0, 407, 1191, 1114, 199, 3.96%, 0, 0, 3, 113.23
1563358798, 0, 407, 1193, 1116, 199, 3.97%, 0, 0, 3, 113.70
1563358813, 0, 407, 1194, 1117, 199, 3.97%, 0, 0, 3, 109.97
1563358818, 0, 407, 1196, 1119, 199, 3.97%, 0, 0, 3, 112.78
1563358823, 0, 407, 1197, 1120, 199, 3.98%, 0, 0, 3, 113.79
1563358829, 0, 408, 1199, 1121, 207, 3.98%, 0, 0, 3, 110.70
1563358992, 0, 408, 1200, 1122, 207, 3.98%, 0, 0, 3, 113.24
1563358997, 0, 408, 1202, 1124, 207, 3.98%, 0, 0, 3, 114.99
1563359018, 0, 408, 1203, 1125, 207, 3.98%, 0, 0, 3, 118.21
1563359053, 0, 408, 1204, 1126, 207, 3.98%, 0, 0, 3, 119.49
1563359068, 0, 409, 1204, 1125, 207, 3.98%, 0, 0, 3, 112.94
1563359190, 0, 411, 1204, 1124, 206, 3.98%, 0, 0, 3, 118.91
1563359271, 0, 411, 1205, 1125, 206, 3.98%, 0, 0, 3, 113.65
1563359327, 0, 413, 1205, 1124, 205, 3.98%, 0, 0, 3, 112.37
1563359332, 0, 413, 1206, 1125, 205, 3.99%, 0, 0, 3, 110.20
1563359353, 0, 413, 1208, 1127, 205, 3.99%, 0, 0, 3, 111.53
1563359429, 0, 423, 1208, 1126, 205, 3.99%, 0, 0, 3, 115.08
1563359470, 0, 423, 1209, 1127, 205, 3.99%, 0, 0, 3, 116.21
1563359556, 0, 423, 1210, 1128, 205, 3.99%, 0, 0, 3, 111.77
1563359592, 0, 425, 1210, 1127, 204, 3.99%, 0, 0, 3, 116.45
1563359597, 0, 425, 1211, 1128, 204, 3.99%, 0, 0, 3, 107.81
1563359602, 0, 425, 1212, 1129, 204, 3.99%, 0, 0, 3, 111.98
1563359710, 0, 429, 1212, 1128, 205, 3.99%, 0, 0, 3, 113.92
1563359782, 0, 429, 1213, 1129, 205, 3.99%, 0, 0, 3, 106.12
1563359838, 0, 429, 1214, 1130, 205, 3.99%, 0, 0, 3, 104.90
1563359858, 0, 429, 1215, 1131, 205, 3.99%, 0, 0, 3, 109.60
1563359863, 0, 429, 1216, 1132, 205, 3.99%, 0, 0, 3, 115.04
1563359894, 0, 431, 1216, 1131, 204, 3.99%, 0, 0, 3, 106.30
1563360047, 0, 432, 1216, 1130, 203, 3.99%, 0, 0, 3, 104.12
1563360052, 0, 432, 1217, 1131, 203, 3.99%, 0, 0, 3, 107.10
1563360164, 0, 432, 1218, 1132, 203, 3.99%, 0, 0, 3, 106.95
1563360235, 0, 432, 1220, 1134, 203, 3.99%, 0, 0, 3, 113.52
1563360260, 0, 432, 1221, 1135, 203, 3.99%, 0, 0, 3, 117.09
1563360276, 0, 432, 1222, 1136, 203, 3.99%, 0, 0, 3, 116.54
1563360357, 0, 432, 1224, 1138, 203, 3.99%, 0, 0, 3, 108.83
1563360362, 0, 432, 1225, 1139, 203, 3.99%, 0, 0, 3, 113.99
1563360449, 0, 432, 1226, 1140, 203, 3.99%, 0, 0, 3, 110.78
1563360520, 0, 435, 1226, 1139, 201, 3.99%, 0, 0, 3, 108.96
1563360566, 0, 435, 1227, 1140, 201, 3.99%, 0, 0, 3, 109.91
1563360673, 0, 435, 1228, 1141, 201, 3.99%, 0, 0, 3, 113.42
1563360688, 0, 437, 1228, 1140, 200, 3.99%, 0, 0, 3, 101.84
1563360745, 0, 437, 1229, 1141, 200, 4.00%, 0, 0, 3, 102.61
1563361005, 0, 437, 1230, 1142, 200, 4.00%, 0, 0, 3, 111.66
1563361015, 0, 445, 1230, 1141, 201, 4.00%, 0, 0, 3, 110.50
1563361060, 0, 445, 1231, 1142, 201, 4.00%, 0, 0, 3, 112.33
1563361096, 0, 445, 1232, 1143, 201, 4.00%, 0, 0, 3, 114.42
1563361127, 0, 460, 1232, 1142, 197, 4.00%, 0, 0, 3, 123.11
1563361132, 0, 460, 1234, 1144, 197, 4.00%, 0, 0, 4, 117.00
1563361158, 0, 460, 1236, 1146, 197, 4.01%, 0, 0, 4, 116.75
1563361168, 0, 460, 1237, 1147, 197, 4.01%, 0, 0, 4, 117.13
1563361188, 0, 460, 1239, 1149, 197, 4.01%, 0, 0, 4, 111.86
1563361199, 0, 460, 1242, 1152, 197, 4.01%, 0, 0, 4, 114.42
1563361214, 0, 460, 1243, 1153, 197, 4.01%, 0, 0, 4, 110.83
1563361234, 0, 461, 1243, 1152, 199, 4.01%, 0, 0, 4, 110.76
1563361361, 0, 462, 1243, 1151, 198, 4.01%, 0, 0, 4, 120.66
1563361366, 0, 462, 1246, 1154, 198, 4.01%, 0, 0, 4, 116.89
1563361453, 0, 462, 1247, 1155, 198, 4.01%, 0, 0, 4, 115.52
1563361474, 0, 462, 1249, 1157, 198, 4.01%, 0, 0, 4, 118.83
1563361499, 0, 462, 1250, 1158, 198, 4.01%, 0, 0, 4, 125.92
1563361519, 0, 462, 1251, 1159, 198, 4.01%, 0, 0, 4, 123.85
1563361550, 0, 462, 1252, 1160, 198, 4.01%, 0, 0, 4, 117.67
1563361591, 0, 462, 1254, 1162, 198, 4.01%, 0, 0, 4, 122.33
1563361596, 0, 462, 1255, 1163, 198, 4.01%, 0, 0, 4, 120.46
1563361693, 0, 462, 1256, 1164, 198, 4.01%, 0, 0, 4, 119.54
1563361723, 0, 462, 1257, 1165, 198, 4.01%, 0, 0, 4, 119.83
1563361739, 0, 463, 1257, 1164, 200, 4.01%, 0, 0, 4, 120.32
1563361744, 0, 463, 1258, 1165, 200, 4.01%, 0, 0, 4, 117.00
1563361831, 0, 463, 1260, 1167, 200, 4.02%, 0, 1, 4, 3.04
1563361846, 0, 466, 1260, 1166, 202, 4.02%, 0, 1, 4, 113.29
1563361856, 0, 466, 1261, 1167, 202, 4.02%, 0, 1, 4, 104.41
1563362024, 0, 474, 1261, 1166, 202, 4.02%, 0, 1, 4, 114.86
1563362080, 0, 474, 1262, 1167, 202, 4.02%, 0, 1, 4, 122.59
1563362192, 0, 474, 1263, 1168, 202, 4.02%, 0, 1, 4, 113.55
1563362207, 0, 475, 1263, 1167, 202, 4.02%, 0, 1, 4, 115.80
1563362212, 0, 475, 1265, 1169, 202, 4.02%, 0, 1, 4, 100.25
1563362217, 0, 475, 1267, 1171, 202, 4.02%, 0, 1, 4, 92.04
1563362223, 0, 475, 1268, 1172, 202, 4.02%, 0, 1, 4, 90.26
1563362228, 0, 475, 1269, 1173, 202, 4.02%, 0, 1, 4, 95.61
1563362459, 0, 482, 1269, 1172, 202, 4.02%, 0, 1, 4, 111.03
1563362490, 0, 493, 1269, 1171, 201, 4.02%, 0, 1, 4, 108.15
1563362607, 0, 493, 1271, 1173, 201, 4.02%, 0, 1, 4, 113.18
1563362663, 0, 496, 1271, 1172, 200, 4.02%, 0, 1, 4, 112.77
1563362789, 0, 499, 1271, 1171, 199, 4.02%, 0, 1, 4, 109.14
1563362800, 0, 499, 1275, 1175, 199, 4.03%, 0, 1, 4, 105.79
1563362830, 0, 499, 1276, 1176, 199, 4.03%, 0, 1, 4, 98.60
1563362907, 0, 499, 1277, 1177, 199, 4.03%, 0, 1, 4, 105.72
1563363014, 0, 500, 1277, 1176, 200, 4.03%, 0, 1, 4, 109.19
1563363126, 0, 512, 1277, 1175, 199, 4.03%, 0, 1, 4, 103.42
1563363381, 0, 515, 1277, 1174, 198, 4.03%, 0, 1, 4, 107.51
1563363421, 0, 515, 1278, 1175, 198, 4.03%, 0, 1, 4, 109.53
1563363528, 0, 515, 1279, 1176, 198, 4.03%, 0, 1, 4, 104.85
1563363574, 0, 516, 1280, 1176, 197, 4.03%, 0, 1, 4, 112.17
1563363630, 0, 516, 1282, 1178, 197, 4.03%, 0, 1, 4, 101.87
1563363711, 0, 516, 1283, 1179, 197, 4.03%, 0, 1, 4, 104.27
1563363742, 0, 518, 1283, 1178, 196, 4.03%, 0, 1, 4, 110.03
1563363767, 0, 518, 1285, 1180, 196, 4.03%, 0, 1, 4, 104.32
1563364017, 0, 518, 1287, 1182, 196, 4.03%, 0, 1, 4, 107.22
1563364052, 0, 523, 1287, 1181, 195, 4.03%, 0, 1, 4, 108.07
1563364103, 0, 523, 1288, 1182, 195, 4.03%, 0, 1, 4, 108.59
1563364169, 0, 523, 1289, 1183, 195, 4.03%, 0, 1, 4, 108.00
1563364261, 0, 523, 1290, 1184, 195, 4.05%, 0, 1, 4, 106.46
1563364276, 0, 531, 1290, 1183, 194, 4.05%, 0, 1, 4, 106.32
1563364628, 0, 536, 1290, 1182, 193, 4.05%, 0, 1, 4, 106.61
1563364639, 0, 536, 1292, 1184, 193, 4.06%, 0, 1, 4, 106.56
1563364649, 0, 536, 1293, 1185, 193, 4.08%, 0, 1, 4, 77.07
1563364796, 0, 536, 1295, 1187, 193, 4.08%, 0, 1, 4, 109.28
1563364841, 0, 536, 1296, 1188, 193, 4.08%, 0, 1, 4, 103.18
1563364846, 0, 536, 1297, 1189, 193, 4.08%, 0, 1, 4, 106.08
1563364877, 0, 536, 1298, 1190, 193, 4.08%, 0, 1, 4, 111.12
1563364882, 0, 536, 1299, 1191, 193, 4.08%, 0, 1, 4, 102.98
1563364887, 0, 536, 1300, 1192, 193, 4.08%, 0, 1, 4, 111.99
1563364903, 0, 536, 1301, 1193, 193, 4.08%, 0, 1, 4, 112.14
1563364908, 0, 536, 1303, 1195, 193, 4.08%, 0, 1, 4, 112.68
1563364913, 0, 536, 1304, 1196, 193, 4.08%, 0, 1, 4, 113.80
1563364923, 0, 536, 1307, 1199, 193, 4.09%, 0, 1, 4, 113.31
1563364974, 0, 536, 1308, 1200, 193, 4.12%, 0, 1, 4, 113.72
1563364984, 0, 536, 1309, 1201, 193, 4.12%, 0, 1, 4, 112.50
1563364994, 0, 536, 1310, 1202, 193, 4.13%, 0, 1, 4, 110.95
1563364999, 0, 536, 1311, 1203, 193, 4.13%, 0, 1, 4, 109.91
1563365014, 0, 536, 1312, 1204, 193, 4.13%, 0, 1, 4, 112.75
1563365020, 0, 536, 1313, 1205, 193, 4.13%, 0, 1, 4, 111.65
1563365025, 0, 536, 1314, 1206, 193, 4.13%, 0, 1, 4, 114.52
1563365035, 0, 536, 1315, 1207, 193, 4.13%, 0, 1, 4, 111.85
1563365065, 0, 536, 1316, 1208, 193, 4.13%, 0, 1, 4, 120.38
1563365070, 0, 536, 1317, 1209, 193, 4.13%, 0, 1, 4, 120.18
1563365080, 0, 536, 1318, 1210, 193, 4.13%, 0, 1, 4, 121.62
1563365091, 0, 536, 1319, 1211, 193, 4.13%, 0, 1, 4, 117.35
1563365096, 0, 538, 1319, 1210, 196, 4.13%, 0, 1, 4, 115.15
1563365309, 0, 542, 1319, 1209, 196, 4.13%, 0, 1, 4, 112.72
1563365406, 0, 542, 1320, 1210, 196, 4.13%, 0, 1, 4, 107.12
1563365554, 0, 542, 1321, 1211, 196, 4.13%, 0, 1, 4, 110.24
1563365564, 0, 542, 1322, 1212, 196, 4.13%, 0, 1, 4, 105.53
1563365595, 0, 542, 1323, 1213, 196, 4.15%, 0, 1, 4, 106.43
1563365605, 0, 542, 1325, 1215, 196, 4.15%, 0, 1, 4, 113.90
1563365615, 0, 542, 1327, 1217, 196, 4.15%, 0, 1, 4, 111.35
1563365636, 0, 542, 1328, 1218, 196, 4.15%, 0, 1, 4, 113.74
1563365641, 0, 542, 1329, 1219, 196, 4.15%, 0, 1, 4, 113.74
1563365651, 0, 542, 1330, 1220, 196, 4.15%, 0, 1, 4, 118.12
1563365656, 0, 542, 1331, 1221, 196, 4.15%, 0, 1, 4, 114.65
1563365661, 0, 542, 1332, 1222, 196, 4.15%, 0, 1, 4, 115.60
1563365671, 0, 542, 1333, 1223, 196, 4.15%, 0, 1, 4, 115.71
1563365717, 0, 542, 1334, 1224, 196, 4.15%, 0, 1, 4, 111.45
1563365722, 0, 542, 1335, 1225, 196, 4.15%, 0, 1, 4, 112.01
1563365748, 0, 542, 1336, 1226, 196, 4.15%, 0, 1, 4, 113.72
1563365753, 0, 542, 1337, 1227, 196, 4.15%, 0, 1, 4, 111.03
1563365758, 0, 542, 1338, 1228, 196, 4.15%, 0, 1, 4, 112.14
1563365829, 0, 542, 1339, 1229, 196, 4.15%, 0, 1, 4, 112.72
1563365834, 0, 542, 1340, 1230, 196, 4.15%, 0, 1, 4, 110.56
1563365880, 0, 542, 1341, 1231, 196, 4.15%, 0, 1, 4, 113.54
1563365885, 0, 543, 1341, 1230, 197, 4.15%, 0, 1, 4, 110.08
1563365891, 0, 543, 1342, 1231, 197, 4.15%, 0, 1, 4, 113.37
1563366114, 0, 551, 1342, 1230, 196, 4.15%, 0, 1, 4, 114.74
1563366251, 0, 551, 1343, 1231, 196, 4.15%, 0, 1, 4, 105.17
1563366389, 0, 563, 1343, 1230, 195, 4.15%, 0, 1, 4, 114.23
1563366547, 0, 564, 1343, 1229, 194, 4.15%, 0, 1, 4, 121.29
1563366608, 0, 564, 1344, 1230, 194, 4.15%, 0, 1, 4, 115.77
1563366639, 0, 577, 1344, 1229, 193, 4.15%, 0, 1, 4, 116.44
1563366756, 0, 579, 1344, 1228, 192, 4.15%, 0, 1, 4, 110.50
1563367046, 0, 581, 1344, 1227, 191, 4.15%, 0, 1, 4, 108.17
1563367327, 0, 583, 1344, 1226, 190, 4.15%, 0, 1, 4, 110.20
1563367469, 0, 593, 1344, 1225, 189, 4.15%, 0, 1, 4, 117.70
1563367571, 0, 606, 1344, 1224, 188, 4.15%, 0, 1, 4, 114.39
1563367876, 0, 611, 1344, 1223, 187, 4.15%, 0, 1, 4, 112.38
1563368166, 0, 611, 1345, 1224, 187, 4.15%, 0, 1, 4, 109.28
1563368191, 0, 614, 1345, 1223, 186, 4.15%, 0, 1, 4, 112.47
1563368410, 0, 618, 1345, 1222, 185, 4.15%, 0, 1, 4, 114.87
1563368431, 0, 618, 1346, 1223, 185, 4.15%, 0, 1, 4, 104.61
1563368712, 0, 619, 1346, 1222, 184, 4.15%, 0, 1, 4, 109.88
1563368737, 0, 619, 1347, 1223, 184, 4.15%, 0, 1, 4, 107.96
1563368940, 0, 623, 1347, 1222, 184, 4.15%, 0, 1, 4, 110.35
1563369073, 0, 649, 1347, 1221, 183, 4.15%, 0, 1, 4, 113.44
1563369393, 0, 650, 1347, 1220, 182, 4.15%, 0, 1, 4, 103.09
1563369530, 0, 650, 1348, 1221, 182, 4.15%, 0, 1, 4, 111.19
1563369545, 0, 651, 1348, 1220, 181, 4.15%, 0, 1, 4, 112.31
1563369616, 0, 654, 1349, 1220, 180, 4.15%, 0, 1, 4, 116.44
1563369657, 0, 659, 1349, 1219, 180, 4.15%, 0, 1, 4, 118.61
1563369718, 0, 659, 1350, 1220, 180, 4.15%, 0, 1, 4, 93.65
1563369728, 0, 666, 1350, 1219, 179, 4.15%, 0, 1, 4, 109.40
1563369753, 0, 666, 1351, 1220, 179, 4.15%, 0, 1, 4, 107.66
1563369804, 0, 666, 1352, 1221, 179, 4.15%, 0, 1, 4, 110.30
1563369875, 0, 666, 1353, 1222, 179, 4.15%, 0, 1, 4, 100.80
1563370023, 0, 668, 1353, 1221, 178, 4.15%, 0, 1, 4, 118.02
1563370135, 0, 678, 1353, 1220, 177, 4.15%, 0, 1, 4, 111.78
1563370369, 0, 679, 1353, 1219, 176, 4.15%, 0, 1, 4, 109.07
1563370543, 0, 681, 1353, 1218, 176, 4.15%, 0, 1, 4, 120.48
1563370794, 0, 681, 1354, 1219, 176, 4.15%, 0, 1, 4, 111.58
1563370809, 0, 689, 1355, 1219, 176, 4.15%, 0, 1, 4, 116.60
1563370819, 0, 689, 1356, 1220, 176, 4.15%, 0, 1, 4, 113.41
1563370865, 0, 689, 1357, 1221, 176, 4.15%, 0, 1, 4, 108.37
1563370946, 0, 689, 1358, 1222, 176, 4.16%, 0, 1, 4, 116.41
1563370956, 0, 689, 1359, 1223, 176, 4.16%, 0, 1, 4, 116.38
1563370977, 0, 690, 1359, 1222, 175, 4.16%, 0, 1, 4, 114.99
1563371033, 0, 690, 1360, 1223, 175, 4.16%, 0, 1, 4, 103.04
1563371248, 0, 704, 1360, 1222, 174, 4.16%, 0, 1, 4, 109.95
1563371527, 0, 706, 1360, 1221, 174, 4.16%, 0, 1, 4, 115.93
1563371558, 0, 706, 1361, 1222, 174, 4.16%, 0, 1, 4, 98.09
1563371721, 0, 706, 1362, 1223, 174, 4.16%, 0, 1, 4, 96.14
1563371859, 0, 719, 1362, 1222, 174, 4.16%, 0, 1, 4, 113.16
1563372135, 0, 724, 1362, 1221, 173, 4.16%, 0, 1, 4, 106.35
1563372415, 0, 726, 1362, 1220, 172, 4.16%, 0, 1, 4, 110.25
1563372430, 0, 726, 1363, 1221, 172, 4.16%, 0, 1, 4, 102.21
1563372680, 0, 726, 1365, 1223, 172, 4.16%, 0, 1, 4, 93.48
1563372695, 0, 726, 1366, 1224, 172, 4.16%, 0, 1, 4, 114.21
1563372700, 0, 726, 1367, 1225, 172, 4.16%, 0, 1, 4, 112.75
1563372705, 0, 726, 1368, 1226, 172, 4.16%, 0, 1, 4, 107.08
1563372746, 0, 726, 1369, 1227, 172, 4.18%, 0, 1, 4, 107.44
1563372766, 0, 726, 1370, 1228, 172, 4.18%, 0, 1, 4, 105.26
1563372771, 0, 726, 1371, 1229, 172, 4.19%, 0, 1, 4, 111.21
1563372822, 0, 726, 1372, 1230, 172, 4.19%, 0, 1, 4, 109.57
1563372838, 0, 726, 1373, 1231, 172, 4.19%, 0, 1, 4, 111.28
1563372883, 0, 726, 1374, 1232, 172, 4.20%, 0, 1, 4, 108.45
1563372934, 0, 726, 1375, 1233, 172, 4.20%, 0, 1, 4, 113.23
1563372955, 0, 726, 1376, 1234, 172, 4.20%, 0, 1, 4, 109.45
1563372985, 0, 729, 1376, 1233, 174, 4.20%, 0, 1, 4, 113.35
1563373158, 0, 740, 1376, 1232, 173, 4.20%, 0, 1, 4, 108.40
1563373163, 0, 740, 1377, 1233, 173, 4.20%, 0, 1, 4, 103.60
1563373214, 0, 740, 1378, 1234, 173, 4.20%, 0, 1, 4, 104.22
1563373290, 0, 740, 1379, 1235, 173, 4.20%, 0, 1, 4, 102.45
1563373306, 0, 743, 1379, 1234, 174, 4.20%, 0, 1, 4, 116.12
1563373383, 0, 744, 1380, 1234, 173, 4.21%, 0, 1, 4, 112.37
1563373449, 0, 744, 1381, 1235, 173, 4.21%, 0, 1, 4, 117.47
1563373459, 0, 749, 1381, 1234, 172, 4.21%, 0, 1, 4, 109.24
1563373489, 0, 749, 1382, 1235, 172, 4.21%, 0, 1, 4, 104.97
1563373591, 0, 750, 1383, 1235, 171, 4.21%, 0, 1, 4, 121.60
1563373621, 0, 750, 1385, 1237, 171, 4.22%, 0, 1, 4, 115.38
1563373699, 0, 750, 1386, 1238, 171, 4.22%, 0, 1, 4, 122.53
1563373709, 0, 750, 1388, 1240, 171, 4.22%, 0, 1, 4, 118.77
1563373714, 0, 750, 1389, 1241, 171, 4.22%, 0, 1, 4, 119.55
1563373719, 0, 750, 1390, 1242, 171, 4.22%, 0, 1, 4, 122.27
1563373760, 0, 750, 1391, 1243, 171, 4.22%, 0, 1, 4, 118.55
1563373765, 0, 750, 1392, 1244, 171, 4.23%, 0, 1, 4, 126.51
1563373770, 0, 750, 1393, 1245, 171, 4.23%, 0, 1, 4, 124.00
1563373796, 0, 750, 1394, 1246, 171, 4.23%, 0, 1, 4, 131.26
1563373811, 0, 750, 1395, 1247, 171, 4.23%, 0, 1, 4, 123.70
1563373827, 0, 750, 1396, 1248, 171, 4.24%, 0, 1, 4, 127.31
1563373862, 0, 750, 1398, 1250, 171, 4.24%, 0, 1, 4, 123.47
1563373914, 0, 750, 1399, 1251, 171, 4.24%, 0, 1, 4, 116.57
1563373924, 0, 750, 1400, 1252, 171, 4.24%, 0, 1, 4, 115.78
1563373929, 0, 750, 1401, 1253, 171, 4.25%, 0, 1, 4, 119.07
1563373939, 0, 750, 1402, 1254, 171, 4.25%, 0, 1, 4, 119.59
1563373970, 0, 751, 1403, 1254, 177, 4.25%, 0, 1, 4, 111.60
1563374172, 0, 752, 1403, 1253, 177, 4.25%, 0, 1, 4, 114.29
1563374315, 0, 753, 1403, 1252, 176, 4.25%, 0, 1, 4, 120.93
1563374427, 0, 767, 1403, 1251, 175, 4.25%, 0, 1, 4, 118.53
1563374538, 0, 767, 1404, 1252, 175, 4.25%, 0, 1, 4, 117.65
1563374549, 0, 770, 1404, 1251, 174, 4.25%, 0, 1, 4, 111.68
1563374671, 0, 770, 1405, 1252, 174, 4.25%, 0, 1, 4, 105.25
1563374833, 0, 778, 1405, 1251, 174, 4.25%, 0, 1, 4, 119.79
1563374838, 0, 778, 1406, 1252, 174, 4.25%, 0, 1, 4, 119.42
1563375006, 0, 780, 1406, 1251, 174, 4.25%, 0, 1, 4, 120.43
1563375021, 0, 780, 1408, 1253, 174, 4.25%, 0, 1, 4, 103.31
1563375205, 0, 782, 1408, 1252, 173, 4.25%, 0, 1, 4, 112.86
1563375327, 0, 782, 1409, 1253, 173, 4.25%, 0, 1, 4, 108.11
1563375516, 0, 793, 1409, 1252, 172, 4.25%, 0, 1, 4, 114.60
1563375664, 0, 793, 1410, 1253, 172, 4.25%, 0, 1, 4, 121.91
1563375674, 0, 798, 1410, 1252, 171, 4.25%, 0, 1, 4, 118.62
1563375756, 0, 798, 1411, 1253, 171, 4.25%, 0, 1, 4, 105.83
1563375801, 0, 798, 1412, 1254, 171, 4.25%, 0, 1, 4, 108.87
1563375969, 0, 802, 1412, 1253, 170, 4.25%, 0, 1, 4, 105.40
1563375995, 0, 802, 1413, 1254, 170, 4.25%, 0, 1, 4, 117.63
1563376015, 0, 802, 1414, 1255, 170, 4.25%, 0, 1, 4, 120.86
1563376020, 0, 802, 1417, 1258, 170, 4.25%, 0, 1, 4, 108.12
1563376036, 0, 802, 1418, 1259, 170, 4.25%, 0, 1, 4, 111.86
1563376066, 0, 802, 1421, 1262, 170, 4.25%, 0, 1, 4, 108.25
1563376112, 0, 802, 1424, 1265, 170, 4.25%, 0, 1, 4, 109.39
1563376138, 0, 802, 1425, 1266, 170, 4.25%, 0, 1, 4, 82.29
1563376153, 0, 802, 1427, 1268, 170, 4.25%, 0, 1, 4, 122.01
1563376179, 0, 803, 1427, 1267, 170, 4.25%, 0, 1, 4, 111.93
1563376184, 0, 803, 1428, 1268, 170, 4.25%, 0, 1, 4, 107.06
1563376204, 0, 803, 1429, 1269, 170, 4.25%, 0, 1, 4, 107.00
1563376458, 0, 810, 1429, 1268, 169, 4.25%, 0, 1, 4, 118.70
1563376637, 0, 811, 1429, 1267, 168, 4.25%, 0, 1, 4, 111.07
1563376657, 0, 811, 1431, 1269, 168, 4.25%, 0, 1, 4, 104.57
1563376688, 0, 811, 1432, 1270, 168, 4.25%, 0, 1, 4, 103.76
1563376775, 0, 811, 1433, 1271, 168, 4.25%, 0, 1, 4, 104.72
1563376957, 0, 819, 1433, 1270, 169, 4.25%, 0, 1, 4, 113.71
1563377181, 0, 819, 1434, 1271, 169, 4.25%, 0, 1, 4, 110.97
1563377192, 0, 824, 1434, 1270, 168, 4.25%, 0, 1, 4, 111.72
1563377410, 0, 827, 1434, 1269, 167, 4.25%, 0, 1, 4, 117.22
1563377629, 0, 833, 1434, 1268, 166, 4.25%, 0, 1, 4, 113.55
1563377833, 0, 833, 1435, 1269, 166, 4.25%, 0, 2, 4, 27.84
1563377838, 0, 833, 1437, 1271, 166, 4.26%, 0, 2, 4, 86.51
1563377848, 0, 834, 1437, 1270, 167, 4.26%, 0, 2, 4, 108.39
1563378066, 0, 835, 1437, 1269, 166, 4.26%, 0, 2, 4, 116.09
1563378137, 0, 835, 1438, 1270, 166, 4.26%, 0, 2, 4, 117.29
1563378290, 0, 838, 1438, 1269, 165, 4.26%, 0, 2, 4, 112.44
1563378529, 0, 839, 1438, 1268, 164, 4.26%, 0, 2, 4, 107.85
1563378738, 0, 854, 1438, 1267, 163, 4.26%, 0, 2, 4, 107.67
1563378759, 0, 854, 1439, 1268, 163, 4.27%, 0, 2, 4, 112.95
1563378850, 0, 854, 1442, 1271, 163, 4.28%, 0, 2, 4, 113.97
1563378942, 0, 854, 1443, 1272, 163, 4.28%, 0, 2, 4, 105.24
1563378952, 0, 858, 1443, 1271, 167, 4.28%, 0, 2, 4, 111.97
1563378978, 0, 858, 1444, 1272, 167, 4.28%, 0, 2, 4, 107.37
1563379090, 0, 858, 1445, 1273, 167, 4.28%, 0, 2, 4, 106.32
1563379196, 0, 858, 1446, 1274, 167, 4.28%, 0, 2, 4, 111.08
1563379206, 0, 859, 1446, 1273, 166, 4.28%, 0, 2, 4, 112.39
1563379445, 0, 859, 1447, 1274, 166, 4.28%, 0, 2, 4, 111.08
1563379460, 0, 861, 1447, 1273, 166, 4.28%, 0, 2, 4, 112.13
1563379633, 0, 861, 1448, 1274, 166, 4.28%, 0, 2, 4, 107.34
1563379725, 0, 861, 1449, 1275, 166, 4.28%, 0, 2, 4, 117.03
1563379735, 0, 862, 1449, 1274, 163, 4.28%, 0, 2, 4, 114.91
1563379761, 0, 862, 1450, 1275, 163, 4.28%, 0, 2, 4, 116.62
1563379989, 0, 864, 1450, 1274, 162, 4.28%, 0, 2, 4, 109.13
1563380014, 0, 864, 1451, 1275, 162, 4.28%, 0, 2, 4, 103.72
1563380239, 0, 864, 1452, 1276, 162, 4.28%, 0, 2, 4, 111.62
1563380254, 0, 866, 1452, 1275, 161, 4.28%, 0, 2, 4, 111.74
1563380391, 0, 866, 1453, 1276, 161, 4.28%, 0, 2, 4, 106.71
1563380503, 0, 867, 1453, 1275, 161, 4.28%, 0, 2, 4, 115.65
1563380554, 0, 867, 1454, 1276, 161, 4.29%, 0, 2, 4, 108.32
1563380756, 0, 868, 1454, 1275, 161, 4.29%, 0, 2, 4, 113.38
1563381020, 0, 869, 1454, 1274, 160, 4.29%, 0, 2, 4, 105.66
1563381071, 0, 869, 1455, 1275, 160, 4.29%, 0, 2, 4, 105.48
1563381157, 0, 869, 1456, 1276, 160, 4.29%, 0, 2, 4, 102.78
1563381279, 0, 878, 1456, 1275, 160, 4.29%, 0, 2, 4, 112.22
1563381463, 0, 878, 1457, 1276, 160, 4.29%, 0, 2, 4, 114.94
1563381468, 0, 878, 1459, 1278, 160, 4.29%, 0, 2, 4, 116.21
1563381524, 0, 878, 1460, 1279, 160, 4.29%, 0, 2, 4, 117.45
1563381529, 0, 878, 1461, 1280, 160, 4.29%, 0, 2, 4, 115.04
1563381590, 0, 878, 1462, 1281, 160, 4.29%, 0, 2, 4, 118.31
1563381645, 0, 878, 1463, 1282, 160, 4.29%, 0, 2, 4, 113.55
1563381728, 0, 878, 1464, 1283, 160, 4.29%, 0, 2, 4, 114.62
1563381743, 0, 879, 1465, 1283, 162, 4.29%, 0, 2, 4, 120.18
1563381820, 0, 879, 1466, 1284, 162, 4.29%, 0, 2, 4, 112.04
1563381825, 0, 879, 1467, 1285, 162, 4.29%, 0, 2, 4, 108.11
1563381891, 0, 879, 1469, 1287, 162, 4.29%, 0, 2, 4, 95.83
1563381932, 0, 879, 1470, 1288, 162, 4.29%, 0, 2, 4, 115.01
1563381942, 0, 884, 1470, 1287, 160, 4.29%, 0, 2, 4, 116.40
1563381983, 0, 884, 1471, 1288, 160, 4.29%, 0, 2, 4, 122.19
1563382044, 0, 894, 1471, 1287, 159, 4.29%, 0, 2, 4, 119.86
1563382370, 0, 897, 1471, 1286, 158, 4.29%, 0, 2, 4, 117.28
1563382655, 0, 897, 1472, 1287, 158, 4.29%, 0, 2, 4, 115.08
1563382675, 0, 898, 1472, 1286, 157, 4.29%, 0, 2, 4, 111.53
1563382681, 0, 898, 1473, 1287, 157, 4.29%, 0, 2, 4, 103.72
1563382701, 0, 898, 1474, 1288, 157, 4.29%, 0, 2, 4, 104.28
1563382731, 0, 898, 1476, 1290, 157, 4.29%, 0, 2, 4, 104.09
1563382818, 0, 898, 1477, 1291, 157, 4.29%, 0, 2, 4, 101.42
1563382950, 0, 898, 1478, 1292, 157, 4.29%, 0, 2, 4, 99.70
1563382981, 0, 907, 1478, 1291, 157, 4.29%, 0, 2, 4, 100.67
1563382986, 0, 907, 1479, 1292, 157, 4.29%, 0, 2, 4, 102.44
1563383108, 0, 907, 1480, 1293, 157, 4.29%, 0, 2, 4, 108.19
1563383123, 0, 908, 1480, 1292, 156, 4.29%, 0, 2, 4, 111.44
1563383251, 0, 908, 1481, 1293, 156, 4.29%, 0, 2, 4, 106.72
1563383267, 0, 909, 1481, 1292, 155, 4.29%, 0, 2, 4, 111.13
1563383410, 0, 916, 1481, 1291, 154, 4.29%, 0, 2, 4, 108.23
1563383445, 0, 916, 1482, 1292, 154, 4.29%, 0, 2, 4, 109.24
1563383562, 0, 917, 1482, 1291, 154, 4.29%, 0, 2, 4, 103.13
1563383572, 0, 917, 1483, 1292, 154, 4.30%, 0, 2, 4, 94.10
1563383721, 0, 917, 1485, 1294, 154, 4.30%, 0, 2, 4, 110.02
1563383726, 0, 917, 1486, 1295, 154, 4.30%, 0, 2, 4, 114.43
1563383757, 0, 917, 1487, 1296, 154, 4.30%, 0, 2, 4, 114.50
1563383762, 0, 917, 1489, 1298, 154, 4.30%, 0, 2, 4, 115.62
1563383782, 0, 917, 1490, 1299, 154, 4.30%, 0, 2, 4, 115.24
1563383787, 0, 917, 1491, 1300, 154, 4.30%, 0, 2, 4, 115.56
1563383792, 0, 917, 1492, 1301, 154, 4.30%, 0, 2, 4, 115.97
1563383823, 0, 917, 1493, 1302, 154, 4.30%, 0, 2, 4, 117.72
1563383828, 0, 917, 1495, 1304, 154, 4.30%, 0, 2, 4, 113.23
1563383858, 0, 917, 1496, 1305, 154, 4.30%, 0, 2, 4, 112.94
1563383868, 0, 917, 1497, 1306, 154, 4.30%, 0, 2, 4, 114.83
1563383878, 0, 917, 1499, 1308, 154, 4.30%, 0, 2, 4, 114.71
1563383894, 0, 917, 1500, 1309, 154, 4.30%, 0, 2, 4, 119.66
1563383944, 0, 917, 1502, 1311, 154, 4.30%, 0, 2, 4, 110.40
1563384010, 0, 919, 1502, 1310, 157, 4.30%, 0, 2, 4, 111.82
1563384108, 0, 922, 1502, 1309, 157, 4.30%, 0, 2, 4, 101.55
1563384322, 0, 931, 1502, 1308, 156, 4.30%, 0, 2, 4, 103.17
1563384485, 0, 943, 1502, 1307, 155, 4.30%, 0, 2, 4, 105.88
1563384505, 0, 943, 1503, 1308, 155, 4.30%, 0, 2, 4, 105.32
1563384755, 0, 943, 1504, 1309, 155, 4.30%, 0, 2, 4, 105.91
1563384766, 0, 943, 1505, 1310, 155, 4.30%, 0, 2, 4, 104.04
1563384781, 0, 943, 1506, 1311, 155, 4.30%, 0, 2, 4, 109.74
1563384867, 0, 944, 1506, 1310, 155, 4.30%, 0, 2, 4, 102.84
1563384954, 0, 944, 1507, 1311, 155, 4.30%, 0, 2, 4, 103.52
1563385152, 0, 946, 1507, 1310, 154, 4.30%, 0, 2, 4, 111.56
1563385157, 0, 946, 1508, 1311, 154, 4.30%, 0, 2, 4, 111.73
1563385254, 0, 959, 1510, 1312, 153, 4.32%, 0, 2, 4, 107.75
1563385259, 0, 959, 1512, 1314, 153, 4.32%, 0, 2, 4, 107.17
1563385264, 0, 959, 1514, 1316, 153, 4.32%, 0, 2, 4, 104.23
1563385285, 0, 959, 1515, 1317, 153, 4.32%, 0, 2, 4, 104.44
1563385407, 0, 959, 1516, 1318, 153, 4.32%, 0, 2, 4, 116.43
1563385417, 0, 959, 1519, 1321, 153, 4.32%, 0, 2, 4, 115.85
1563385422, 0, 959, 1520, 1322, 153, 4.32%, 0, 2, 4, 113.81
1563385427, 0, 959, 1521, 1323, 153, 4.33%, 0, 2, 4, 115.70
1563385432, 0, 959, 1522, 1324, 153, 4.33%, 0, 2, 4, 115.56
1563385438, 0, 959, 1523, 1325, 153, 4.33%, 0, 2, 4, 116.95
1563385453, 0, 959, 1526, 1328, 153, 4.33%, 0, 2, 4, 110.78
1563385458, 0, 959, 1528, 1330, 153, 4.33%, 0, 2, 4, 113.11
1563385473, 0, 959, 1529, 1331, 153, 4.33%, 0, 2, 4, 111.99
1563385545, 0, 959, 1530, 1332, 153, 4.33%, 0, 2, 4, 118.29
1563385555, 0, 959, 1531, 1333, 153, 4.33%, 0, 2, 4, 112.85
1563385591, 0, 959, 1532, 1334, 153, 4.33%, 0, 2, 4, 113.41
1563385601, 0, 959, 1533, 1335, 153, 4.33%, 0, 2, 4, 112.65
1563385617, 0, 959, 1534, 1336, 153, 4.33%, 0, 2, 4, 112.59
1563385627, 0, 959, 1535, 1337, 153, 4.33%, 0, 2, 4, 111.20
1563385653, 0, 959, 1536, 1338, 153, 4.33%, 0, 2, 4, 115.15
1563385693, 0, 965, 1536, 1337, 153, 4.33%, 0, 2, 4, 112.97
1563385698, 0, 965, 1537, 1338, 153, 4.33%, 0, 2, 4, 112.93
1563385703, 0, 965, 1539, 1340, 153, 4.33%, 0, 2, 4, 113.21
1563385836, 0, 965, 1543, 1344, 153, 4.34%, 0, 2, 4, 110.03
1563385861, 0, 965, 1544, 1345, 153, 4.34%, 0, 2, 4, 111.13
1563385897, 0, 967, 1548, 1348, 154, 4.34%, 0, 2, 4, 105.77
1563385902, 0, 967, 1549, 1349, 154, 4.34%, 0, 2, 4, 96.49
1563385907, 0, 967, 1550, 1350, 154, 4.34%, 0, 2, 4, 99.53
1563385917, 0, 967, 1552, 1352, 154, 4.34%, 0, 2, 4, 94.89
1563385927, 0, 967, 1553, 1353, 154, 4.34%, 0, 2, 4, 100.29
1563385938, 0, 967, 1554, 1354, 154, 4.34%, 0, 2, 4, 97.24
1563385948, 0, 967, 1555, 1355, 154, 4.34%, 0, 2, 4, 99.17
1563385963, 0, 967, 1558, 1358, 154, 4.34%, 0, 2, 4, 94.87
1563386024, 0, 967, 1561, 1361, 154, 4.34%, 0, 2, 4, 104.05
1563386030, 0, 967, 1562, 1362, 154, 4.34%, 0, 2, 4, 104.83
1563386035, 0, 967, 1563, 1363, 154, 4.34%, 0, 2, 4, 99.76
1563386065, 0, 967, 1566, 1366, 154, 4.34%, 0, 2, 4, 101.47
1563386095, 0, 967, 1567, 1367, 154, 4.34%, 0, 2, 4, 109.70
1563386100, 0, 967, 1569, 1369, 154, 4.34%, 0, 2, 4, 111.00
1563386106, 0, 967, 1570, 1370, 154, 4.34%, 0, 2, 4, 114.65
1563386111, 0, 967, 1571, 1371, 154, 4.34%, 0, 2, 4, 116.78
1563386116, 0, 967, 1572, 1372, 154, 4.34%, 0, 2, 4, 114.63
1563386121, 0, 967, 1574, 1374, 154, 4.34%, 0, 2, 4, 107.68
1563386126, 0, 967, 1576, 1376, 154, 4.34%, 0, 2, 4, 110.19
1563386131, 0, 967, 1577, 1377, 154, 4.34%, 0, 2, 4, 107.88
1563386151, 0, 967, 1580, 1380, 154, 4.34%, 0, 2, 4, 115.50
1563386157, 0, 967, 1582, 1382, 154, 4.34%, 0, 2, 4, 111.56
1563386167, 0, 967, 1584, 1384, 154, 4.34%, 0, 2, 4, 113.00
1563386177, 0, 967, 1585, 1385, 154, 4.34%, 0, 2, 4, 115.46
1563386187, 0, 967, 1586, 1386, 154, 4.34%, 0, 2, 4, 114.44
1563386232, 0, 967, 1587, 1387, 154, 4.34%, 0, 2, 4, 113.08
1563386299, 0, 967, 1588, 1388, 154, 4.34%, 0, 2, 4, 109.86
1563386340, 0, 967, 1589, 1389, 154, 4.34%, 0, 2, 4, 109.09
1563386370, 0, 967, 1590, 1390, 154, 4.34%, 0, 2, 4, 111.40
1563386386, 0, 967, 1591, 1391, 154, 4.34%, 0, 2, 4, 113.00
1563386391, 0, 976, 1594, 1393, 153, 4.34%, 0, 2, 4, 106.90
1563386492, 0, 976, 1595, 1394, 153, 4.34%, 0, 2, 4, 104.95
1563386503, 0, 976, 1597, 1396, 153, 4.34%, 0, 2, 4, 105.44
1563386548, 0, 976, 1598, 1397, 153, 4.34%, 0, 2, 4, 117.19
1563386553, 0, 976, 1599, 1398, 153, 4.34%, 0, 2, 4, 115.64
1563386574, 0, 981, 1599, 1397, 152, 4.34%, 0, 2, 4, 113.87
1563386706, 0, 994, 1600, 1397, 151, 4.34%, 0, 2, 4, 108.27
1563386716, 0, 994, 1601, 1398, 151, 4.34%, 0, 2, 4, 108.99
1563386914, 0, 1001, 1601, 1397, 151, 4.34%, 0, 2, 4, 112.97
1563386944, 0, 1001, 1602, 1398, 151, 4.34%, 0, 2, 4, 106.40
1563387234, 0, 1004, 1602, 1397, 150, 4.34%, 0, 2, 4, 106.05
1563387249, 0, 1004, 1603, 1398, 150, 4.34%, 0, 2, 4, 103.35
1563387285, 0, 1004, 1604, 1399, 150, 4.34%, 0, 2, 4, 101.68
1563387438, 0, 1004, 1606, 1401, 150, 4.34%, 0, 2, 4, 107.15
1563387469, 0, 1004, 1607, 1402, 150, 4.34%, 0, 2, 4, 117.80
1563387504, 0, 1007, 1607, 1401, 149, 4.34%, 0, 2, 4, 119.25
1563387764, 0, 1008, 1607, 1400, 148, 4.34%, 0, 2, 4, 109.80
1563387810, 0, 1008, 1608, 1401, 148, 4.34%, 0, 2, 4, 110.72
1563387916, 0, 1008, 1609, 1402, 148, 4.34%, 0, 2, 4, 115.51
1563387942, 0, 1009, 1610, 1402, 147, 4.34%, 0, 2, 4, 123.53
1563388101, 0, 1009, 1611, 1403, 147, 4.34%, 0, 2, 4, 127.81
1563388106, 0, 1017, 1611, 1402, 146, 4.34%, 0, 2, 4, 121.73
1563388274, 0, 1017, 1612, 1403, 146, 4.34%, 0, 2, 4, 109.70
1563388289, 0, 1033, 1612, 1402, 145, 4.34%, 0, 2, 4, 113.46
1563388376, 0, 1033, 1613, 1403, 145, 4.34%, 0, 2, 4, 119.86
1563388462, 0, 1033, 1615, 1405, 145, 4.34%, 0, 2, 4, 105.32
1563388472, 0, 1036, 1615, 1404, 144, 4.34%, 0, 2, 4, 116.73
1563388477, 0, 1036, 1616, 1405, 144, 4.35%, 0, 2, 4, 115.79
1563388513, 0, 1036, 1618, 1407, 144, 4.35%, 0, 2, 4, 112.58
1563388579, 0, 1036, 1619, 1408, 144, 4.35%, 0, 2, 4, 115.81
1563388589, 0, 1036, 1621, 1410, 144, 4.38%, 0, 2, 4, 112.13
1563388620, 0, 1036, 1622, 1411, 144, 4.38%, 0, 2, 4, 114.94
1563388646, 0, 1036, 1624, 1413, 144, 4.38%, 0, 2, 4, 117.85
1563388651, 0, 1036, 1625, 1414, 144, 4.38%, 0, 2, 4, 119.88
1563388656, 0, 1036, 1627, 1416, 144, 4.39%, 0, 2, 4, 120.33
1563388661, 0, 1036, 1628, 1417, 144, 4.39%, 0, 2, 4, 118.07
1563388666, 0, 1036, 1629, 1418, 144, 4.40%, 0, 2, 4, 116.75
1563388671, 0, 1036, 1630, 1419, 144, 4.40%, 0, 2, 4, 117.84
1563388676, 0, 1036, 1631, 1420, 144, 4.40%, 0, 2, 4, 117.55
1563388686, 0, 1036, 1633, 1422, 144, 4.40%, 0, 2, 4, 116.58
1563388691, 0, 1036, 1634, 1423, 144, 4.40%, 0, 2, 4, 116.19
1563388707, 0, 1036, 1635, 1424, 144, 4.40%, 0, 2, 4, 112.36
1563388722, 0, 1036, 1636, 1425, 144, 4.40%, 0, 2, 4, 114.98
1563388774, 0, 1036, 1637, 1426, 144, 4.41%, 0, 2, 4, 115.88
1563388784, 0, 1036, 1638, 1427, 144, 4.41%, 0, 2, 4, 118.79
1563388789, 0, 1036, 1639, 1428, 144, 4.41%, 0, 2, 4, 114.17
1563388804, 0, 1036, 1640, 1429, 144, 4.44%, 0, 2, 4, 119.56
1563388814, 0, 1036, 1641, 1430, 144, 4.44%, 0, 2, 4, 117.56
1563388876, 0, 1036, 1642, 1431, 144, 4.44%, 0, 2, 4, 117.11
1563388901, 0, 1036, 1643, 1432, 144, 4.44%, 0, 2, 4, 119.49
1563388927, 0, 1038, 1643, 1431, 148, 4.44%, 0, 2, 4, 109.57
1563389115, 0, 1038, 1644, 1432, 148, 4.44%, 0, 2, 4, 117.98
1563389130, 0, 1042, 1644, 1431, 147, 4.44%, 0, 2, 4, 100.35
1563389335, 0, 1046, 1645, 1431, 146, 4.44%, 0, 2, 4, 114.26
1563389478, 0, 1047, 1645, 1430, 147, 4.44%, 0, 2, 4, 111.79
1563389534, 0, 1047, 1647, 1432, 147, 4.44%, 0, 2, 4, 116.90
1563389636, 0, 1047, 1648, 1433, 147, 4.44%, 0, 2, 4, 112.58
1563389661, 0, 1050, 1648, 1432, 148, 4.44%, 0, 2, 4, 112.91
1563389666, 0, 1050, 1649, 1433, 148, 4.44%, 0, 2, 4, 103.94
1563389676, 0, 1050, 1650, 1434, 148, 4.44%, 0, 2, 4, 95.30
1563389886, 0, 1050, 1651, 1435, 148, 4.44%, 0, 2, 4, 109.52
1563389901, 0, 1050, 1652, 1436, 148, 4.44%, 0, 2, 4, 118.71
1563389916, 0, 1056, 1652, 1435, 145, 4.44%, 0, 2, 4, 118.62
1563389921, 0, 1056, 1653, 1436, 145, 4.44%, 0, 2, 4, 113.66
1563390105, 0, 1057, 1653, 1435, 144, 4.44%, 0, 2, 4, 108.24
1563390263, 0, 1059, 1653, 1434, 143, 4.44%, 0, 2, 4, 117.21
1563390313, 0, 1059, 1654, 1435, 143, 4.44%, 0, 2, 4, 107.74
1563390481, 0, 1060, 1654, 1434, 142, 4.44%, 0, 2, 4, 116.00
1563390665, 0, 1063, 1654, 1433, 141, 4.44%, 0, 2, 4, 115.49
1563390844, 0, 1064, 1654, 1432, 140, 4.44%, 0, 2, 4, 117.05
1563390956, 0, 1068, 1654, 1431, 139, 4.44%, 0, 2, 4, 115.96
1563391125, 0, 1073, 1654, 1430, 138, 4.44%, 0, 2, 4, 105.96
1563391130, 0, 1073, 1656, 1432, 138, 4.44%, 0, 2, 4, 106.13
1563391324, 0, 1076, 1656, 1431, 138, 4.44%, 0, 2, 4, 112.90
1563391492, 0, 1080, 1656, 1430, 137, 4.44%, 0, 2, 4, 111.87
1563391680, 0, 1085, 1656, 1429, 136, 4.44%, 0, 2, 4, 114.68
1563391848, 0, 1086, 1657, 1429, 135, 4.44%, 0, 2, 4, 110.04
1563391853, 0, 1086, 1659, 1431, 135, 4.44%, 0, 2, 4, 106.43
1563391858, 0, 1086, 1660, 1432, 135, 4.44%, 0, 2, 4, 105.95
1563391873, 0, 1086, 1661, 1433, 135, 4.44%, 0, 2, 4, 105.19
1563391899, 0, 1086, 1663, 1435, 135, 4.44%, 0, 2, 4, 106.42
1563391904, 0, 1086, 1664, 1436, 135, 4.44%, 0, 2, 4, 104.74
1563391909, 0, 1086, 1665, 1437, 135, 4.44%, 0, 2, 4, 102.98
1563392015, 0, 1086, 1666, 1438, 135, 4.44%, 0, 2, 4, 104.93
1563392062, 0, 1090, 1666, 1437, 135, 4.44%, 0, 2, 4, 99.51
1563392246, 0, 1094, 1666, 1436, 134, 4.44%, 0, 2, 4, 109.26
1563392409, 0, 1107, 1666, 1435, 133, 4.44%, 0, 2, 4, 117.37
1563392419, 0, 1112, 1666, 1434, 132, 4.44%, 0, 2, 4, 113.64
1563392629, 0, 1117, 1666, 1433, 131, 4.44%, 0, 2, 4, 112.23
1563392695, 0, 1117, 1667, 1434, 131, 4.45%, 0, 2, 4, 107.52
1563392959, 0, 1120, 1667, 1433, 130, 4.45%, 0, 2, 4, 107.08
1563392964, 0, 1120, 1686, 1452, 130, 4.61%, 0, 2, 4, 106.83
1563392984, 0, 1120, 1699, 1465, 130, 4.69%, 0, 2, 4, 99.39
1563392999, 0, 1120, 1700, 1466, 130, 4.69%, 0, 2, 4, 100.32
1563393004, 0, 1120, 1701, 1467, 130, 4.69%, 0, 2, 4, 96.18
1563393015, 0, 1120, 1703, 1469, 130, 4.71%, 0, 2, 4, 96.69
1563393020, 0, 1120, 1706, 1472, 130, 4.72%, 0, 2, 4, 97.21
1563393045, 0, 1120, 1707, 1473, 130, 4.72%, 0, 2, 4, 112.95
1563393142, 0, 1120, 1710, 1476, 130, 4.72%, 0, 2, 4, 80.99
1563393153, 0, 1120, 1711, 1477, 130, 4.72%, 0, 2, 4, 103.30
1563393158, 0, 1120, 1714, 1480, 130, 4.72%, 0, 2, 4, 106.40
1563393163, 0, 1120, 1718, 1484, 130, 4.72%, 0, 2, 4, 107.63
1563393168, 0, 1120, 1719, 1485, 130, 4.72%, 0, 2, 4, 110.49
1563393173, 0, 1120, 1721, 1487, 130, 4.72%, 0, 2, 4, 111.88
1563393178, 0, 1120, 1724, 1490, 130, 4.72%, 0, 2, 4, 115.36
1563393183, 0, 1120, 1725, 1491, 130, 4.72%, 0, 2, 4, 112.37
1563393188, 0, 1120, 1730, 1496, 130, 4.72%, 0, 2, 4, 108.30
1563393193, 0, 1120, 1731, 1497, 130, 4.72%, 0, 2, 4, 111.87
1563393198, 0, 1120, 1733, 1499, 130, 4.72%, 0, 2, 4, 110.60
1563393203, 0, 1120, 1734, 1500, 130, 4.72%, 0, 2, 4, 110.86
1563393208, 0, 1120, 1737, 1503, 130, 4.72%, 0, 2, 4, 112.09
1563393214, 0, 1120, 1740, 1506, 130, 4.72%, 0, 2, 4, 113.70
1563393219, 0, 1120, 1741, 1507, 130, 4.72%, 0, 2, 4, 112.98
1563393244, 0, 1120, 1743, 1509, 130, 4.72%, 0, 2, 4, 113.83
1563393255, 0, 1120, 1745, 1511, 130, 4.72%, 0, 2, 4, 111.36
1563393265, 0, 1120, 1746, 1512, 130, 4.72%, 0, 2, 4, 110.97
1563393270, 0, 1120, 1748, 1514, 130, 4.72%, 0, 2, 4, 109.86
1563393275, 0, 1120, 1749, 1515, 130, 4.73%, 0, 2, 4, 111.03
1563393280, 0, 1120, 1751, 1517, 130, 4.73%, 0, 2, 4, 112.04
1563393290, 0, 1120, 1754, 1520, 130, 4.74%, 0, 3, 4, 15.98
1563393295, 0, 1120, 1755, 1521, 130, 4.74%, 0, 3, 4, 121.92
1563393311, 0, 1120, 1757, 1523, 130, 4.74%, 0, 3, 4, 118.10
1563393316, 0, 1120, 1758, 1524, 130, 4.74%, 0, 3, 4, 118.12
1563393331, 0, 1120, 1759, 1525, 130, 4.74%, 0, 3, 4, 121.11
1563393336, 0, 1120, 1760, 1526, 130, 4.74%, 0, 3, 4, 120.74
1563393346, 0, 1120, 1762, 1528, 130, 4.74%, 0, 3, 4, 122.18
1563393351, 0, 1120, 1764, 1530, 130, 4.74%, 0, 3, 4, 123.23
1563393357, 0, 1120, 1765, 1531, 130, 4.74%, 0, 3, 4, 121.42
1563393367, 0, 1120, 1766, 1532, 130, 4.74%, 0, 3, 4, 122.33
1563393372, 0, 1122, 1766, 1531, 149, 4.74%, 0, 3, 4, 115.22
1563393570, 0, 1158, 1766, 1530, 148, 4.74%, 0, 3, 4, 113.37
1563393576, 0, 1158, 1768, 1532, 148, 4.74%, 0, 3, 4, 114.38
1563393596, 0, 1158, 1769, 1533, 148, 4.74%, 0, 3, 4, 116.35
1563393632, 0, 1158, 1770, 1534, 148, 4.74%, 0, 3, 4, 109.88
1563393647, 0, 1158, 1772, 1536, 148, 4.75%, 0, 3, 4, 113.05
1563393663, 0, 1158, 1773, 1537, 148, 4.75%, 0, 3, 4, 108.57
1563393673, 0, 1158, 1774, 1538, 148, 4.75%, 0, 3, 4, 108.31
1563393709, 0, 1158, 1775, 1539, 148, 4.75%, 0, 3, 4, 104.17
1563393729, 0, 1158, 1776, 1540, 148, 4.75%, 0, 3, 4, 105.23
1563393734, 0, 1158, 1777, 1541, 148, 4.75%, 0, 3, 4, 108.58
1563393754, 0, 1158, 1778, 1542, 148, 4.75%, 0, 3, 4, 110.31
1563393774, 0, 1158, 1780, 1544, 148, 4.75%, 0, 3, 4, 110.96
1563393780, 0, 1158, 1781, 1545, 148, 4.75%, 0, 3, 4, 109.00
1563393785, 0, 1158, 1782, 1546, 148, 4.75%, 0, 3, 4, 109.04
1563393790, 0, 1158, 1783, 1547, 148, 4.75%, 0, 3, 4, 108.90
1563393805, 0, 1158, 1784, 1548, 148, 4.76%, 0, 3, 4, 112.60
1563393856, 0, 1158, 1785, 1549, 148, 4.76%, 0, 3, 4, 108.31
1563393866, 0, 1158, 1786, 1550, 148, 4.76%, 0, 3, 4, 109.59
1563393881, 0, 1158, 1787, 1551, 148, 4.76%, 0, 3, 4, 108.26
1563393912, 0, 1158, 1788, 1552, 148, 4.76%, 0, 3, 4, 116.47
1563393927, 0, 1158, 1789, 1553, 148, 4.76%, 0, 3, 4, 119.37
1563393952, 0, 1158, 1790, 1554, 148, 4.76%, 0, 3, 4, 119.84
1563393988, 0, 1158, 1791, 1555, 148, 4.76%, 0, 3, 4, 120.25
1563394018, 0, 1166, 1791, 1554, 147, 4.76%, 0, 3, 4, 114.82
1563394146, 0, 1166, 1792, 1555, 147, 4.76%, 0, 3, 4, 116.31
1563394218, 0, 1174, 1792, 1554, 146, 4.76%, 0, 3, 4, 116.52
1563394458, 0, 1177, 1792, 1553, 145, 4.76%, 0, 3, 4, 104.15
1563394463, 0, 1177, 1793, 1554, 145, 4.76%, 0, 3, 4, 99.78
1563394666, 0, 1177, 1794, 1555, 145, 4.76%, 0, 3, 4, 115.65
1563394686, 0, 1188, 1794, 1554, 144, 4.76%, 0, 3, 4, 109.83
1563394691, 0, 1188, 1796, 1556, 144, 4.76%, 0, 3, 4, 102.01
1563394702, 0, 1188, 1799, 1559, 144, 4.76%, 0, 3, 4, 101.15
1563394707, 0, 1188, 1800, 1560, 144, 4.76%, 0, 3, 4, 98.13
1563394717, 0, 1188, 1801, 1561, 144, 4.76%, 0, 3, 4, 100.88
1563394814, 0, 1188, 1803, 1563, 144, 4.77%, 0, 3, 4, 101.60
1563394844, 0, 1188, 1804, 1564, 144, 4.77%, 0, 3, 4, 105.55
1563394880, 0, 1201, 1804, 1563, 145, 4.77%, 0, 3, 4, 114.00
1563394885, 0, 1201, 1805, 1564, 145, 4.77%, 0, 3, 4, 116.70
1563395034, 0, 1201, 1806, 1565, 145, 4.77%, 0, 3, 4, 114.78
1563395075, 0, 1201, 1807, 1566, 145, 4.77%, 0, 3, 4, 123.19
1563395085, 0, 1205, 1807, 1565, 144, 4.77%, 0, 3, 4, 122.19
1563395172, 0, 1205, 1808, 1566, 144, 4.77%, 0, 3, 4, 122.51
1563395182, 0, 1209, 1808, 1565, 143, 4.77%, 0, 3, 4, 115.71
1563395300, 0, 1210, 1808, 1564, 142, 4.77%, 0, 3, 4, 117.35
1563395412, 0, 1210, 1809, 1565, 142, 4.77%, 0, 3, 4, 122.74
1563395417, 0, 1211, 1809, 1564, 142, 4.77%, 0, 3, 4, 119.53
1563395530, 0, 1216, 1809, 1563, 141, 4.77%, 0, 3, 4, 118.48
1563395703, 0, 1228, 1809, 1562, 140, 4.77%, 0, 3, 4, 118.22
1563396014, 0, 1229, 1809, 1561, 139, 4.77%, 0, 3, 4, 106.15
1563396207, 0, 1231, 1809, 1560, 138, 4.77%, 0, 3, 4, 111.10
1563396334, 0, 1235, 1809, 1559, 137, 4.77%, 0, 3, 4, 115.38
1563396401, 0, 1235, 1810, 1560, 137, 4.77%, 0, 3, 5, 117.35
1563396447, 0, 1235, 1811, 1561, 137, 4.77%, 0, 3, 5, 118.21
1563396462, 0, 1236, 1811, 1560, 137, 4.77%, 0, 3, 5, 109.59
1563396599, 0, 1237, 1811, 1559, 136, 4.77%, 0, 3, 5, 113.45
1563396716, 0, 1237, 1812, 1560, 136, 4.77%, 0, 3, 5, 113.81
1563396731, 0, 1238, 1812, 1559, 137, 4.77%, 0, 3, 5, 110.23
1563396853, 0, 1243, 1812, 1558, 136, 4.77%, 0, 3, 5, 116.26
1563396985, 0, 1244, 1812, 1557, 135, 4.77%, 0, 3, 5, 113.38
1563397108, 0, 1246, 1812, 1556, 134, 4.77%, 0, 3, 5, 119.24
1563397180, 0, 1246, 1813, 1557, 134, 4.77%, 0, 3, 5, 113.67
1563397225, 0, 1246, 1814, 1558, 134, 4.77%, 0, 3, 5, 113.25
1563397236, 0, 1247, 1814, 1557, 133, 4.77%, 0, 3, 5, 115.78
1563397383, 0, 1252, 1815, 1557, 132, 4.77%, 0, 3, 5, 107.72
1563397522, 0, 1252, 1816, 1558, 132, 4.77%, 0, 3, 5, 113.30
1563397547, 0, 1253, 1816, 1557, 131, 4.77%, 0, 3, 5, 108.14
1563397721, 0, 1253, 1817, 1558, 131, 4.77%, 0, 3, 5, 108.72
1563397757, 0, 1254, 1817, 1557, 130, 4.77%, 0, 3, 5, 108.53
1563397895, 0, 1255, 1817, 1556, 129, 4.77%, 0, 3, 5, 108.62
1563397935, 0, 1255, 1818, 1557, 129, 4.77%, 0, 3, 5, 96.83
1563397971, 0, 1255, 1819, 1558, 129, 4.77%, 0, 3, 5, 98.40
1563398038, 0, 1255, 1820, 1559, 129, 4.77%, 0, 3, 5, 98.13
1563398078, 0, 1257, 1820, 1558, 128, 4.77%, 0, 3, 5, 112.71
1563398159, 0, 1257, 1821, 1559, 128, 4.77%, 0, 3, 5, 101.72
1563398205, 0, 1258, 1822, 1559, 128, 4.77%, 0, 3, 5, 109.08
1563398286, 0, 1258, 1823, 1560, 128, 4.77%, 0, 3, 5, 105.57
1563398312, 0, 1258, 1824, 1561, 128, 4.77%, 0, 3, 5, 105.21
1563398327, 0, 1259, 1824, 1560, 127, 4.77%, 0, 3, 5, 117.82
1563398445, 0, 1261, 1824, 1559, 126, 4.77%, 0, 3, 5, 111.71
1563398635, 0, 1264, 1824, 1558, 125, 4.77%, 0, 3, 5, 116.46
1563398726, 0, 1264, 1825, 1559, 125, 4.77%, 0, 3, 5, 117.25
1563398828, 0, 1264, 1826, 1560, 125, 4.77%, 0, 3, 5, 119.51
1563398839, 0, 1264, 1827, 1561, 125, 4.77%, 0, 3, 5, 117.27
1563398884, 0, 1264, 1828, 1562, 125, 4.77%, 0, 3, 5, 117.17
1563398895, 0, 1264, 1829, 1563, 125, 4.77%, 0, 3, 5, 119.15
1563398900, 0, 1264, 1830, 1564, 125, 4.77%, 0, 3, 5, 118.27
1563399012, 0, 1264, 1831, 1565, 125, 4.77%, 0, 3, 5, 123.53
1563399048, 0, 1264, 1832, 1566, 125, 4.77%, 0, 3, 5, 123.62
1563399093, 0, 1280, 1832, 1565, 125, 4.77%, 0, 3, 5, 114.34
1563399099, 0, 1280, 1833, 1566, 125, 4.77%, 0, 3, 5, 106.84
1563399109, 0, 1280, 1835, 1568, 125, 4.77%, 0, 3, 5, 102.55
1563399154, 0, 1280, 1836, 1569, 125, 4.77%, 0, 3, 5, 108.64
1563399292, 0, 1280, 1837, 1570, 125, 4.77%, 0, 3, 5, 117.84
1563399308, 0, 1294, 1837, 1569, 125, 4.77%, 0, 3, 5, 117.37
1563399526, 0, 1294, 1838, 1570, 125, 4.77%, 0, 3, 5, 113.61
1563399557, 0, 1294, 1839, 1571, 125, 4.77%, 0, 3, 5, 118.15
1563399592, 0, 1294, 1840, 1572, 125, 4.77%, 0, 3, 5, 114.53
1563399608, 0, 1294, 1842, 1574, 125, 4.78%, 0, 3, 5, 115.89
1563399649, 0, 1294, 1843, 1575, 125, 4.78%, 0, 3, 5, 114.33
1563399695, 0, 1294, 1845, 1577, 125, 4.78%, 0, 3, 5, 117.80
1563399700, 0, 1294, 1847, 1579, 125, 4.78%, 0, 3, 5, 118.33
1563399741, 0, 1294, 1848, 1580, 125, 4.78%, 0, 3, 5, 120.32
1563399756, 0, 1299, 1848, 1579, 126, 4.78%, 0, 3, 5, 120.52
1563399955, 0, 1303, 1848, 1578, 125, 4.78%, 0, 3, 5, 110.68
1563400149, 0, 1303, 1849, 1579, 125, 4.78%, 0, 3, 5, 113.75
1563400180, 0, 1308, 1849, 1578, 124, 4.78%, 0, 3, 5, 120.89
1563400277, 0, 1308, 1852, 1581, 124, 4.78%, 0, 3, 5, 118.20
1563400307, 0, 1312, 1852, 1580, 124, 4.78%, 0, 3, 5, 117.92
1563400419, 0, 1315, 1852, 1579, 123, 4.78%, 0, 3, 5, 113.26
1563400552, 0, 1315, 1853, 1580, 123, 4.78%, 0, 3, 5, 110.04
1563400638, 0, 1345, 1853, 1579, 122, 4.78%, 0, 3, 5, 114.10
1563400664, 0, 1345, 1854, 1580, 122, 4.78%, 0, 3, 5, 108.47
1563400720, 0, 1345, 1855, 1581, 122, 4.78%, 0, 3, 5, 103.69
1563400943, 0, 1345, 1856, 1582, 122, 4.78%, 0, 3, 5, 111.69
1563400989, 0, 1346, 1856, 1581, 122, 4.78%, 0, 3, 5, 113.91
1563401167, 0, 1346, 1857, 1582, 122, 4.78%, 0, 3, 5, 127.70
1563401233, 0, 1348, 1857, 1581, 124, 4.78%, 0, 3, 5, 114.97
1563401289, 0, 1353, 1857, 1580, 123, 4.78%, 0, 3, 5, 122.47
1563401422, 0, 1353, 1858, 1581, 123, 4.78%, 0, 3, 5, 116.68
1563401499, 0, 1353, 1859, 1582, 123, 4.78%, 0, 3, 5, 122.92
1563401591, 0, 1361, 1859, 1581, 124, 4.78%, 0, 3, 5, 110.51
1563401596, 0, 1361, 1860, 1582, 124, 4.78%, 0, 3, 5, 93.26
1563401622, 0, 1361, 1861, 1583, 124, 4.79%, 0, 3, 5, 88.48
1563401771, 0, 1361, 1863, 1585, 124, 4.80%, 0, 3, 5, 86.16
1563401971, 0, 1373, 1863, 1584, 125, 4.80%, 0, 3, 5, 120.25
1563401987, 0, 1373, 1866, 1587, 125, 4.82%, 0, 3, 5, 39.56
1563402313, 0, 1373, 1866, 1587, 125, 4.82%, 0, 4, 5, 100.13
1563402348, 0, 1376, 1866, 1586, 127, 4.82%, 0, 4, 5, 107.17
1563402404, 0, 1376, 1867, 1587, 127, 4.82%, 0, 4, 5, 102.20
1563402501, 0, 1376, 1868, 1588, 127, 4.82%, 0, 4, 5, 122.05
1563402516, 0, 1376, 1869, 1589, 127, 4.82%, 0, 4, 5, 122.54
1563402541, 0, 1376, 1870, 1590, 127, 4.82%, 0, 4, 5, 116.60
1563402602, 0, 1376, 1871, 1591, 127, 4.82%, 0, 4, 5, 118.48
1563402628, 0, 1376, 1872, 1592, 127, 4.82%, 0, 4, 5, 115.25
1563402669, 0, 1376, 1873, 1593, 127, 4.82%, 0, 4, 5, 115.01
1563402710, 0, 1376, 1874, 1594, 127, 4.82%, 0, 4, 5, 114.24
1563402765, 0, 1377, 1874, 1593, 130, 4.82%, 0, 4, 5, 115.54
1563402826, 0, 1377, 1875, 1594, 130, 4.82%, 0, 4, 5, 112.14
1563402918, 0, 1378, 1875, 1593, 129, 4.82%, 0, 4, 5, 111.60
1563402994, 0, 1378, 1883, 1601, 129, 4.84%, 0, 4, 5, 103.60
1563403061, 0, 1378, 1884, 1602, 129, 4.84%, 0, 4, 5, 114.93
1563403076, 0, 1378, 1885, 1603, 129, 4.84%, 0, 4, 5, 116.37
1563403086, 0, 1378, 1886, 1604, 129, 4.84%, 0, 4, 5, 119.89
1563403158, 0, 1378, 1887, 1605, 129, 4.84%, 0, 4, 5, 114.45
1563403183, 0, 1378, 1888, 1606, 129, 4.84%, 0, 4, 5, 117.59
1563403198, 0, 1378, 1889, 1607, 129, 4.84%, 0, 4, 5, 118.06
1563403218, 0, 1378, 1890, 1608, 129, 4.84%, 0, 4, 5, 117.74
1563403254, 0, 1378, 1891, 1609, 129, 4.84%, 0, 4, 5, 119.89
1563403336, 0, 1379, 1891, 1608, 130, 4.84%, 0, 4, 5, 117.25
1563403413, 0, 1383, 1891, 1607, 129, 4.84%, 0, 4, 5, 118.95
1563403490, 0, 1384, 1891, 1606, 128, 4.84%, 0, 4, 5, 117.15
1563403571, 0, 1389, 1891, 1605, 127, 4.84%, 0, 4, 5, 115.14
1563403673, 0, 1389, 1892, 1606, 127, 4.84%, 0, 4, 5, 116.75
1563403678, 0, 1389, 1894, 1608, 127, 4.84%, 0, 4, 5, 119.20
1563403684, 0, 1389, 1895, 1609, 127, 4.84%, 0, 4, 5, 120.97
1563403689, 0, 1389, 1897, 1611, 127, 4.85%, 0, 4, 5, 122.64
1563403694, 0, 1389, 1898, 1612, 127, 4.86%, 0, 4, 5, 123.45
1563403780, 0, 1389, 1900, 1614, 127, 4.86%, 0, 4, 5, 120.92
1563403790, 0, 1389, 1901, 1615, 127, 4.86%, 0, 4, 5, 124.13
1563403902, 0, 1389, 1902, 1616, 127, 4.86%, 0, 4, 5, 122.68
1563403953, 0, 1390, 1902, 1615, 129, 4.86%, 0, 4, 5, 118.67
1563404039, 0, 1391, 1902, 1614, 128, 4.86%, 0, 4, 5, 119.50
1563404152, 0, 1395, 1902, 1613, 127, 4.86%, 0, 4, 5, 116.88
1563404223, 0, 1395, 1903, 1614, 127, 4.86%, 0, 4, 5, 117.30
1563404244, 0, 1398, 1903, 1613, 127, 4.86%, 0, 4, 5, 119.53
1563404351, 0, 1401, 1903, 1612, 126, 4.86%, 0, 4, 5, 120.70
1563404447, 0, 1402, 1903, 1611, 125, 4.86%, 0, 4, 5, 111.91
1563404661, 0, 1405, 1903, 1610, 124, 4.86%, 0, 4, 5, 130.03
1563404846, 0, 1432, 1903, 1609, 123, 4.86%, 0, 4, 5, 119.65
1563405178, 0, 1435, 1903, 1608, 122, 4.86%, 0, 4, 5, 117.28
1563405419, 0, 1436, 1903, 1607, 121, 4.86%, 0, 4, 5, 118.61
1563405652, 0, 1438, 1903, 1606, 120, 4.86%, 0, 4, 5, 115.69
1563405867, 0, 1439, 1903, 1605, 119, 4.86%, 0, 4, 5, 111.70
1563406087, 0, 1440, 1903, 1604, 118, 4.86%, 0, 4, 5, 115.29
1563406297, 0, 1441, 1903, 1603, 117, 4.86%, 0, 4, 5, 113.98
1563406517, 0, 1446, 1903, 1602, 116, 4.86%, 0, 4, 5, 111.20
1563406562, 0, 1446, 1904, 1603, 116, 4.86%, 0, 4, 5, 114.03
1563406751, 0, 1446, 1905, 1604, 116, 4.86%, 0, 4, 5, 105.33
1563406777, 0, 1448, 1905, 1603, 116, 4.86%, 0, 4, 5, 110.93
1563406782, 0, 1448, 1907, 1605, 116, 4.86%, 0, 4, 5, 114.18
1563406929, 0, 1452, 1907, 1604, 117, 4.86%, 0, 4, 5, 115.74
1563407179, 0, 1453, 1907, 1603, 116, 4.86%, 0, 4, 5, 113.70
1563407443, 0, 1453, 1908, 1604, 116, 4.86%, 0, 4, 5, 116.05
1563407469, 0, 1454, 1908, 1603, 115, 4.86%, 0, 4, 5, 108.95
1563407729, 0, 1459, 1908, 1602, 114, 4.86%, 0, 4, 5, 114.56
1563407734, 0, 1459, 1909, 1603, 114, 4.86%, 0, 4, 5, 105.96
1563407923, 0, 1460, 1909, 1602, 115, 4.86%, 0, 4, 5, 115.67
1563408087, 0, 1465, 1909, 1601, 114, 4.86%, 0, 4, 5, 115.01
1563408092, 0, 1465, 1911, 1603, 114, 4.86%, 0, 4, 5, 115.08
1563408133, 0, 1465, 1912, 1604, 114, 4.86%, 0, 4, 5, 114.02
1563408168, 0, 1465, 1913, 1605, 114, 4.86%, 0, 4, 5, 110.55
1563408265, 0, 1465, 1914, 1606, 114, 4.86%, 0, 4, 5, 113.98
1563408280, 0, 1465, 1915, 1607, 114, 4.86%, 0, 4, 5, 117.83
1563408311, 0, 1465, 1916, 1608, 114, 4.86%, 0, 4, 5, 123.38
1563408347, 0, 1465, 1917, 1609, 114, 4.86%, 0, 4, 5, 122.92
1563408357, 0, 1465, 1918, 1610, 114, 4.86%, 0, 4, 5, 125.85
1563408388, 0, 1465, 1919, 1611, 114, 4.86%, 0, 4, 5, 117.20
1563408438, 0, 1465, 1920, 1612, 114, 4.86%, 0, 4, 5, 117.86
1563408515, 0, 1465, 1921, 1613, 114, 4.86%, 0, 4, 5, 126.26
1563408535, 0, 1475, 1921, 1612, 114, 4.86%, 0, 4, 5, 118.66
1563408820, 0, 1481, 1921, 1611, 113, 4.86%, 0, 4, 5, 117.40
1563408978, 0, 1481, 1922, 1612, 113, 4.87%, 0, 4, 5, 124.58
1563408994, 0, 1482, 1922, 1611, 110, 4.87%, 0, 4, 5, 117.75
1563409151, 0, 1482, 1923, 1612, 110, 4.87%, 0, 4, 5, 116.31
1563409157, 0, 1482, 1924, 1613, 110, 4.87%, 0, 4, 5, 122.31
1563409167, 0, 1482, 1925, 1614, 110, 4.87%, 0, 4, 5, 117.07
1563409208, 0, 1482, 1926, 1615, 110, 4.87%, 0, 4, 5, 118.02
1563409239, 0, 1482, 1927, 1616, 110, 4.87%, 0, 4, 5, 118.45
1563409259, 0, 1482, 1928, 1617, 110, 4.87%, 0, 4, 5, 116.42
1563409290, 0, 1482, 1929, 1618, 110, 4.87%, 0, 4, 5, 113.81
1563409315, 0, 1482, 1930, 1619, 110, 4.87%, 0, 4, 5, 123.67
1563409386, 0, 1482, 1931, 1620, 110, 4.87%, 0, 4, 5, 117.33
1563409422, 0, 1484, 1931, 1619, 111, 4.87%, 0, 4, 5, 110.60
1563409575, 0, 1485, 1931, 1618, 110, 4.87%, 0, 4, 5, 113.05
1563409743, 0, 1486, 1931, 1617, 109, 4.87%, 0, 4, 5, 106.49
1563409748, 0, 1486, 1934, 1620, 109, 4.87%, 0, 4, 5, 104.62
1563409896, 0, 1488, 1934, 1619, 109, 4.87%, 0, 4, 5, 115.81
1563410069, 0, 1490, 1935, 1619, 108, 4.87%, 0, 4, 5, 107.14
1563410221, 0, 1490, 1936, 1620, 108, 4.87%, 0, 4, 5, 116.45
1563410247, 0, 1496, 1936, 1619, 108, 4.87%, 0, 4, 5, 104.99
1563410406, 0, 1498, 1936, 1618, 107, 4.87%, 0, 4, 5, 114.79
1563410553, 0, 1512, 1936, 1617, 106, 4.87%, 0, 4, 5, 113.29
1563410695, 0, 1512, 1937, 1618, 106, 4.87%, 0, 4, 5, 123.39
1563410736, 0, 1514, 1937, 1617, 106, 4.87%, 0, 4, 5, 120.75
1563410838, 0, 1514, 1938, 1618, 106, 4.87%, 0, 4, 5, 117.94
1563410890, 0, 1516, 1938, 1617, 105, 4.87%, 0, 4, 5, 119.58
1563410895, 0, 1516, 1939, 1618, 105, 4.87%, 0, 4, 5, 118.99
1563411038, 0, 1518, 1939, 1617, 105, 4.87%, 0, 4, 5, 110.04
1563411176, 0, 1520, 1939, 1616, 104, 4.87%, 0, 4, 5, 124.27
1563411181, 0, 1520, 1940, 1617, 104, 4.87%, 0, 4, 5, 117.48
1563411334, 0, 1534, 1940, 1616, 104, 4.87%, 0, 4, 5, 115.66
1563411340, 0, 1534, 1941, 1617, 104, 4.87%, 0, 4, 5, 111.96
1563411482, 0, 1534, 1942, 1618, 104, 4.87%, 0, 4, 5, 111.56
1563411507, 0, 1543, 1942, 1617, 104, 4.87%, 0, 4, 5, 117.05
1563411620, 0, 1555, 1942, 1616, 103, 4.87%, 0, 4, 5, 118.35
1563411635, 0, 1555, 1943, 1617, 103, 4.87%, 0, 4, 5, 104.77
1563411808, 0, 1555, 1944, 1618, 103, 4.87%, 0, 4, 5, 113.51
1563411839, 0, 1563, 1944, 1617, 103, 4.87%, 0, 4, 5, 114.85
1563412013, 0, 1579, 1944, 1616, 103, 4.87%, 0, 4, 5, 119.86
1563412105, 0, 1581, 1944, 1615, 102, 4.87%, 0, 4, 5, 114.35
1563412257, 0, 1582, 1944, 1614, 101, 4.87%, 0, 4, 5, 123.10
1563412359, 0, 1590, 1944, 1613, 100, 4.87%, 0, 4, 5, 110.87
1563412395, 0, 1590, 1946, 1615, 100, 4.87%, 0, 4, 5, 107.23
1563412584, 0, 1594, 1946, 1614, 100, 4.87%, 0, 4, 5, 115.71
1563412614, 0, 1594, 1947, 1615, 100, 4.87%, 0, 4, 5, 112.45
1563412746, 0, 1598, 1947, 1614, 98, 4.87%, 0, 4, 5, 119.14
1563412751, 0, 1598, 1948, 1615, 98, 4.87%, 0, 4, 5, 114.67
1563412853, 0, 1598, 1949, 1616, 98, 4.87%, 0, 4, 5, 114.83
1563412874, 0, 1598, 1950, 1617, 98, 4.87%, 0, 4, 5, 115.17
1563412894, 0, 1598, 1951, 1618, 98, 4.87%, 0, 4, 5, 124.62
1563412915, 0, 1602, 1951, 1617, 98, 4.87%, 0, 4, 5, 122.11
1563412945, 0, 1602, 1953, 1619, 98, 4.87%, 0, 4, 5, 119.02
1563413078, 0, 1603, 1953, 1618, 99, 4.87%, 0, 4, 5, 118.25
1563413257, 0, 1620, 1955, 1619, 98, 4.88%, 0, 4, 5, 119.58
1563413262, 0, 1620, 1956, 1620, 98, 4.89%, 0, 4, 5, 118.51
1563413277, 0, 1620, 1957, 1621, 98, 4.89%, 0, 4, 5, 114.24
1563413303, 0, 1620, 1958, 1622, 98, 4.89%, 0, 4, 5, 116.06
1563413384, 0, 1620, 1960, 1624, 98, 4.89%, 0, 4, 5, 121.08
1563413415, 0, 1620, 1961, 1625, 98, 4.89%, 0, 4, 5, 116.05
1563413436, 0, 1620, 1962, 1626, 98, 4.89%, 0, 4, 5, 123.95
1563413446, 0, 1620, 1964, 1628, 98, 4.89%, 0, 4, 5, 123.18
1563413456, 0, 1620, 1965, 1629, 98, 4.89%, 0, 4, 5, 121.29
1563413461, 0, 1620, 1967, 1631, 98, 4.89%, 0, 4, 5, 122.27
1563413477, 0, 1620, 1968, 1632, 98, 4.89%, 0, 4, 5, 122.66
1563413512, 0, 1620, 1969, 1633, 98, 4.89%, 0, 4, 5, 126.73
1563413518, 0, 1620, 1970, 1634, 98, 4.89%, 0, 4, 5, 128.02
1563413538, 0, 1620, 1972, 1636, 98, 4.89%, 0, 4, 5, 127.00
1563413666, 0, 1620, 1973, 1637, 98, 4.89%, 0, 4, 5, 123.52
1563413671, 0, 1620, 1974, 1638, 98, 4.89%, 0, 4, 5, 127.69
1563413687, 0, 1626, 1974, 1637, 101, 4.89%, 0, 4, 5, 122.54
1563413890, 0, 1626, 1975, 1638, 101, 4.89%, 0, 4, 5, 121.37
1563413916, 0, 1628, 1976, 1638, 100, 4.89%, 0, 4, 5, 111.90
1563413926, 0, 1628, 1978, 1640, 100, 4.89%, 0, 4, 5, 109.73
1563414083, 0, 1628, 1979, 1641, 100, 4.89%, 0, 4, 5, 110.25
1563414109, 0, 1628, 1980, 1642, 100, 4.89%, 0, 4, 5, 118.47
1563414140, 0, 1633, 1981, 1642, 100, 4.89%, 0, 4, 5, 123.43
1563414267, 0, 1637, 1981, 1641, 99, 4.89%, 0, 4, 5, 120.69
1563414405, 0, 1639, 1981, 1640, 98, 4.89%, 0, 4, 5, 118.89
1563414527, 0, 1639, 1982, 1641, 98, 4.89%, 0, 4, 5, 112.46
1563414572, 0, 1640, 1982, 1640, 98, 4.89%, 0, 4, 5, 119.04
1563414706, 0, 1644, 1982, 1639, 97, 4.89%, 0, 4, 5, 121.94
1563414864, 0, 1648, 1982, 1638, 96, 4.89%, 0, 4, 5, 109.32
