# unix_time, cycles_done, cur_path, paths_total, pending_total, pending_favs, map_size, unique_crashes, unique_hangs, max_depth, execs_per_sec
1563336126, 0, 0, 2, 2, 2, 0.47%, 0, 0, 1, 150.94
1563336131, 0, 0, 28, 28, 2, 0.68%, 0, 0, 2, 136.83
1563336136, 0, 0, 43, 43, 2, 0.81%, 0, 0, 2, 144.78
1563336147, 0, 0, 57, 57, 2, 0.99%, 0, 0, 2, 138.45
1563336152, 0, 0, 77, 77, 2, 1.03%, 0, 0, 2, 132.79
1563336157, 0, 0, 92, 92, 2, 1.18%, 0, 0, 2, 146.45
1563336162, 0, 0, 99, 99, 2, 1.21%, 0, 0, 2, 141.71
1563336172, 0, 0, 100, 100, 2, 1.25%, 0, 0, 2, 140.33
1563336177, 0, 0, 117, 117, 2, 1.30%, 0, 0, 2, 145.66
1563336183, 0, 0, 124, 124, 2, 1.33%, 0, 0, 2, 148.58
1563336198, 0, 0, 130, 130, 2, 1.35%, 0, 0, 2, 148.89
1563336203, 0, 0, 133, 133, 2, 1.35%, 0, 0, 2, 151.16
1563336208, 0, 0, 137, 137, 2, 1.37%, 0, 0, 2, 149.33
1563336213, 0, 0, 142, 142, 2, 1.51%, 0, 0, 2, 148.52
1563336219, 0, 0, 148, 148, 2, 1.59%, 0, 0, 2, 147.94
1563336224, 0, 0, 149, 149, 2, 1.59%, 0, 0, 2, 143.70
1563336229, 0, 0, 163, 163, 2, 1.81%, 0, 0, 2, 135.57
1563336234, 0, 0, 165, 165, 2, 1.81%, 0, 0, 2, 130.10
1563336244, 0, 0, 175, 175, 2, 1.90%, 0, 0, 2, 138.51
1563336250, 0, 0, 179, 179, 2, 1.91%, 0, 0, 2, 120.98
1563336265, 0, 0, 181, 181, 2, 1.94%, 0, 0, 2, 123.49
1563336270, 0, 0, 182, 182, 2, 1.94%, 0, 0, 2, 121.77
1563336291, 0, 0, 188, 188, 2, 1.95%, 0, 0, 2, 124.66
1563336296, 0, 0, 189, 189, 2, 1.97%, 0, 0, 2, 117.21
1563336301, 0, 0, 195, 195, 2, 1.98%, 0, 0, 2, 119.32
1563336306, 0, 0, 196, 196, 2, 1.99%, 0, 0, 2, 120.93
1563336311, 0, 0, 199, 199, 2, 2.00%, 0, 0, 2, 120.81
1563336316, 0, 0, 202, 202, 2, 2.00%, 0, 0, 2, 122.44
1563336331, 0, 0, 204, 204, 2, 2.00%, 0, 0, 2, 113.12
1563336336, 0, 0, 207, 207, 2, 2.00%, 0, 0, 2, 117.98
1563336341, 0, 0, 208, 208, 2, 2.00%, 0, 0, 2, 119.70
1563336351, 0, 0, 213, 213, 2, 2.02%, 0, 0, 2, 120.27
1563336356, 0, 0, 215, 215, 2, 2.02%, 0, 0, 2, 120.74
1563336362, 0, 0, 218, 218, 2, 2.02%, 0, 0, 2, 121.45
1563336372, 0, 0, 221, 221, 2, 2.02%, 0, 0, 2, 123.41
1563336377, 0, 0, 231, 231, 2, 2.05%, 0, 0, 2, 126.09
1563336382, 0, 0, 239, 239, 2, 2.07%, 0, 0, 2, 116.41
1563336387, 0, 0, 246, 246, 2, 2.08%, 0, 0, 2, 128.78
1563336392, 0, 0, 248, 248, 2, 2.09%, 0, 0, 2, 134.60
1563336397, 0, 0, 251, 251, 2, 2.10%, 0, 0, 2, 132.86
1563336403, 0, 0, 254, 254, 2, 2.10%, 0, 0, 2, 116.56
1563336408, 0, 0, 259, 259, 2, 2.10%, 0, 0, 2, 127.84
1563336413, 0, 0, 266, 266, 2, 2.11%, 0, 0, 2, 129.16
1563336418, 0, 0, 268, 268, 2, 2.11%, 0, 0, 2, 129.87
1563336423, 0, 0, 271, 271, 2, 2.11%, 0, 0, 2, 125.28
1563336428, 0, 0, 274, 274, 2, 2.13%, 0, 0, 2, 133.84
1563336433, 0, 0, 277, 277, 2, 2.13%, 0, 0, 2, 134.66
1563336438, 0, 0, 281, 281, 2, 2.13%, 0, 0, 2, 132.99
1563336443, 0, 0, 285, 285, 2, 2.13%, 0, 0, 2, 134.25
1563336448, 0, 0, 288, 288, 2, 2.14%, 0, 0, 2, 132.25
1563336453, 0, 0, 290, 290, 2, 2.14%, 0, 0, 2, 126.21
1563336458, 0, 0, 292, 292, 2, 2.15%, 0, 0, 2, 126.34
1563336464, 0, 0, 295, 295, 2, 2.20%, 0, 0, 2, 132.50
1563336469, 0, 0, 296, 296, 2, 2.20%, 0, 0, 2, 134.70
1563336474, 0, 0, 300, 300, 2, 2.21%, 0, 0, 2, 129.02
1563336479, 0, 0, 303, 303, 2, 2.24%, 0, 0, 2, 118.79
1563336484, 0, 0, 308, 308, 2, 2.27%, 0, 0, 2, 122.11
1563336489, 0, 0, 309, 309, 2, 2.28%, 0, 0, 2, 135.35
1563336494, 0, 0, 312, 312, 2, 2.28%, 0, 0, 2, 136.10
1563336499, 0, 0, 314, 314, 2, 2.31%, 0, 0, 2, 125.74
1563336505, 0, 0, 317, 317, 2, 2.31%, 0, 0, 2, 131.80
1563336510, 0, 0, 318, 318, 2, 2.35%, 0, 0, 2, 126.67
1563336515, 0, 0, 319, 319, 2, 2.36%, 0, 0, 2, 136.23
1563336520, 0, 0, 324, 324, 2, 2.37%, 0, 0, 2, 135.80
1563336525, 0, 0, 325, 325, 2, 2.37%, 0, 0, 2, 125.49
1563336530, 0, 0, 329, 329, 2, 2.37%, 0, 0, 2, 134.34
1563336535, 0, 0, 333, 333, 2, 2.38%, 0, 0, 2, 119.37
1563336540, 0, 0, 334, 334, 2, 2.38%, 0, 0, 2, 118.48
1563336546, 0, 0, 339, 339, 2, 2.41%, 0, 0, 2, 135.40
1563336551, 0, 0, 341, 341, 2, 2.42%, 0, 0, 2, 135.14
1563336556, 0, 0, 346, 346, 2, 2.46%, 0, 0, 2, 132.83
1563336561, 0, 0, 347, 347, 2, 2.46%, 0, 0, 2, 132.81
1563336566, 0, 0, 348, 348, 2, 2.46%, 0, 0, 2, 132.17
1563336571, 0, 0, 353, 353, 2, 2.47%, 0, 0, 2, 136.49
1563336576, 0, 0, 356, 356, 2, 2.47%, 0, 0, 2, 127.69
1563336587, 0, 0, 357, 357, 2, 2.49%, 0, 0, 2, 132.71
1563336592, 0, 0, 358, 358, 2, 2.51%, 0, 0, 2, 132.76
1563336597, 0, 0, 359, 359, 2, 2.51%, 0, 0, 2, 131.96
1563336602, 0, 0, 361, 361, 2, 2.51%, 0, 0, 2, 129.90
1563336612, 0, 0, 363, 363, 2, 2.52%, 0, 0, 2, 135.44
1563336617, 0, 0, 365, 365, 2, 2.52%, 0, 0, 2, 131.19
1563336623, 0, 0, 368, 368, 2, 2.54%, 0, 0, 2, 122.40
1563336628, 0, 0, 370, 370, 2, 2.54%, 0, 0, 2, 129.64
1563336633, 0, 0, 388, 387, 1, 2.65%, 0, 0, 2, 132.51
1563336638, 0, 0, 454, 453, 1, 2.92%, 0, 0, 2, 126.61
1563336643, 0, 0, 517, 516, 1, 3.15%, 0, 0, 2, 121.91
1563336648, 0, 0, 581, 580, 1, 3.25%, 0, 0, 2, 124.00
1563336653, 0, 0, 652, 651, 1, 3.38%, 0, 0, 2, 136.44
1563336658, 0, 0, 716, 715, 1, 3.45%, 0, 0, 2, 128.55
1563336664, 0, 0, 780, 779, 1, 3.55%, 0, 0, 2, 128.49
1563336669, 0, 0, 821, 820, 1, 3.74%, 0, 0, 2, 128.07
1563336674, 0, 0, 852, 851, 1, 3.79%, 0, 0, 2, 125.44
1563336679, 0, 0, 881, 880, 1, 3.87%, 0, 0, 2, 130.68
1563336684, 0, 0, 892, 891, 1, 3.89%, 0, 0, 2, 127.39
1563336689, 0, 624, 893, 892, 225, 3.89%, 0, 0, 2, 118.80
1563336704, 0, 624, 894, 893, 225, 3.89%, 0, 0, 2, 111.84
1563336735, 0, 624, 895, 894, 225, 3.90%, 0, 0, 2, 118.62
1563336745, 0, 624, 899, 898, 225, 3.95%, 0, 0, 2, 104.57
1563336750, 0, 624, 900, 899, 225, 3.96%, 0, 0, 2, 108.53
1563336816, 0, 804, 901, 899, 227, 3.96%, 0, 0, 2, 135.28
1563336822, 0, 804, 909, 907, 227, 3.96%, 0, 0, 2, 139.57
1563336827, 0, 804, 910, 908, 227, 3.96%, 0, 0, 2, 136.42
1563336837, 0, 804, 920, 918, 227, 4.01%, 0, 0, 2, 134.79
1563336852, 0, 804, 924, 922, 227, 4.01%, 0, 0, 2, 132.87
1563336868, 0, 804, 929, 927, 227, 4.03%, 0, 0, 2, 132.87
1563336878, 0, 804, 930, 928, 227, 4.03%, 0, 0, 2, 134.37
1563336883, 0, 804, 931, 929, 227, 4.03%, 0, 0, 2, 131.20
1563336888, 0, 804, 937, 935, 227, 4.03%, 0, 0, 2, 128.03
1563337037, 0, 804, 938, 936, 227, 4.04%, 0, 0, 2, 136.55
1563337047, 0, 804, 943, 941, 227, 4.04%, 0, 0, 2, 135.94
1563337088, 0, 804, 945, 943, 227, 4.05%, 0, 0, 2, 123.51
1563337093, 0, 804, 951, 949, 227, 4.05%, 0, 0, 2, 131.28
1563337144, 0, 804, 955, 953, 227, 4.05%, 0, 0, 2, 132.16
1563337149, 0, 804, 957, 955, 227, 4.06%, 0, 1, 2, 18.42
1563337154, 0, 804, 961, 959, 227, 4.07%, 0, 1, 2, 132.76
1563337160, 0, 804, 966, 964, 227, 4.08%, 0, 1, 2, 129.95
1563337165, 0, 804, 970, 968, 227, 4.08%, 0, 1, 2, 134.81
1563337170, 0, 804, 972, 970, 227, 4.08%, 0, 1, 2, 132.44
1563337175, 0, 804, 976, 974, 227, 4.13%, 0, 1, 2, 143.55
1563337180, 0, 804, 981, 979, 227, 4.15%, 0, 1, 2, 137.64
1563337185, 0, 804, 984, 982, 227, 4.15%, 0, 1, 2, 141.12
1563337190, 0, 804, 986, 984, 227, 4.15%, 0, 1, 2, 140.18
1563337195, 0, 804, 987, 985, 227, 4.15%, 0, 1, 2, 131.43
1563337200, 0, 804, 988, 986, 227, 4.15%, 0, 1, 2, 134.99
1563337205, 0, 804, 990, 988, 227, 4.15%, 0, 2, 2, 133.89
1563337211, 0, 804, 992, 990, 227, 4.15%, 0, 2, 2, 133.00
1563337216, 0, 804, 993, 991, 227, 4.15%, 0, 3, 2, 144.99
1563337221, 0, 804, 995, 993, 227, 4.15%, 0, 3, 2, 150.88
1563337226, 0, 804, 996, 994, 227, 4.15%, 0, 4, 2, 21.77
1563337236, 0, 804, 999, 997, 227, 4.16%, 0, 4, 2, 159.51
1563337241, 0, 804, 1000, 998, 227, 4.16%, 0, 4, 2, 150.34
1563337247, 0, 804, 1002, 1000, 227, 4.16%, 0, 4, 2, 147.76
1563337252, 0, 804, 1004, 1002, 227, 4.16%, 0, 4, 2, 137.15
1563337257, 0, 804, 1006, 1004, 227, 4.16%, 0, 4, 2, 146.25
1563337262, 0, 804, 1009, 1007, 227, 4.16%, 0, 4, 2, 153.63
1563337267, 0, 804, 1011, 1009, 227, 4.16%, 0, 4, 2, 153.66
1563337272, 0, 804, 1013, 1011, 227, 4.16%, 0, 4, 2, 156.43
1563337277, 0, 804, 1015, 1013, 227, 4.16%, 0, 4, 2, 154.89
1563337282, 0, 804, 1016, 1014, 227, 4.16%, 0, 4, 2, 148.91
1563337287, 0, 804, 1017, 1015, 227, 4.17%, 0, 4, 2, 154.18
1563337292, 0, 804, 1018, 1016, 227, 4.17%, 0, 4, 2, 153.73
1563337298, 0, 804, 1020, 1018, 227, 4.18%, 0, 4, 2, 153.69
1563337303, 0, 804, 1021, 1019, 227, 4.18%, 0, 4, 2, 154.17
1563337308, 0, 804, 1022, 1020, 227, 4.18%, 0, 4, 2, 150.70
1563337313, 0, 804, 1025, 1023, 227, 4.19%, 0, 4, 2, 152.41
1563337318, 0, 804, 1027, 1025, 227, 4.19%, 0, 4, 2, 159.77
1563337323, 0, 804, 1028, 1026, 227, 4.21%, 0, 4, 2, 155.82
1563337328, 0, 804, 1029, 1027, 227, 4.21%, 0, 4, 2, 143.67
1563337338, 0, 804, 1030, 1028, 227, 4.22%, 0, 4, 2, 155.49
1563337363, 0, 804, 1032, 1030, 227, 4.23%, 0, 4, 2, 145.39
1563337369, 0, 804, 1034, 1032, 227, 4.23%, 0, 4, 2, 147.52
1563337374, 0, 804, 1035, 1033, 227, 4.23%, 0, 4, 2, 147.80
1563337379, 0, 858, 1036, 1033, 255, 4.23%, 0, 4, 2, 148.70
1563337384, 0, 858, 1037, 1034, 255, 4.23%, 0, 4, 2, 143.94
1563337394, 0, 858, 1039, 1036, 255, 4.23%, 0, 4, 2, 148.84
1563337404, 0, 858, 1040, 1037, 255, 4.23%, 0, 4, 2, 143.43
1563337497, 0, 858, 1042, 1039, 255, 4.23%, 0, 4, 2, 155.12
1563337502, 0, 858, 1043, 1040, 255, 4.23%, 0, 4, 2, 157.13
1563337650, 0, 863, 1043, 1039, 256, 4.23%, 0, 4, 2, 146.24
1563337655, 0, 863, 1058, 1054, 256, 4.28%, 0, 4, 2, 142.51
1563337701, 0, 863, 1059, 1055, 256, 4.28%, 0, 4, 2, 146.56
1563337778, 0, 863, 1061, 1057, 256, 4.29%, 0, 4, 2, 128.32
1563337804, 0, 863, 1062, 1058, 256, 4.29%, 0, 4, 2, 141.20
1563337809, 0, 863, 1064, 1060, 256, 4.30%, 0, 4, 2, 134.31
1563337819, 0, 863, 1065, 1061, 256, 4.30%, 0, 4, 2, 142.29
1563337850, 0, 863, 1067, 1063, 256, 4.30%, 0, 4, 2, 145.34
1563337855, 0, 863, 1068, 1064, 256, 4.30%, 0, 4, 2, 133.13
1563337865, 0, 863, 1069, 1065, 256, 4.30%, 0, 4, 2, 136.79
1563337870, 0, 863, 1071, 1067, 256, 4.30%, 0, 4, 2, 140.73
1563337896, 0, 863, 1072, 1068, 256, 4.30%, 0, 4, 2, 139.90
1563337911, 0, 863, 1075, 1071, 256, 4.30%, 0, 4, 2, 143.80
1563337917, 0, 863, 1076, 1072, 256, 4.30%, 0, 4, 2, 138.09
1563337927, 0, 863, 1077, 1073, 256, 4.31%, 0, 4, 2, 140.68
1563337932, 0, 863, 1078, 1074, 256, 4.31%, 0, 4, 2, 129.06
1563337942, 0, 863, 1079, 1075, 256, 4.31%, 0, 4, 2, 138.41
1563337963, 0, 863, 1081, 1077, 256, 4.31%, 0, 4, 2, 139.04
1563337978, 0, 889, 1081, 1076, 259, 4.31%, 0, 4, 2, 138.72
1563337983, 0, 889, 1082, 1077, 259, 4.31%, 0, 4, 2, 134.29
1563337999, 0, 889, 1094, 1089, 259, 4.31%, 0, 4, 2, 131.87
1563338004, 0, 889, 1096, 1091, 259, 4.31%, 0, 4, 2, 131.41
1563338024, 0, 889, 1097, 1092, 259, 4.31%, 0, 4, 2, 135.76
1563338060, 0, 889, 1099, 1094, 259, 4.31%, 0, 4, 2, 134.26
1563338081, 0, 889, 1101, 1096, 259, 4.31%, 0, 4, 2, 136.09
1563338127, 0, 889, 1102, 1097, 259, 4.31%, 0, 4, 2, 137.30
1563338147, 0, 889, 1105, 1100, 259, 4.31%, 0, 4, 2, 130.80
1563338183, 0, 889, 1109, 1104, 259, 4.31%, 0, 4, 2, 133.98
1563338188, 0, 889, 1117, 1112, 259, 4.31%, 0, 4, 2, 129.92
1563338193, 0, 889, 1118, 1113, 259, 4.31%, 0, 4, 2, 129.36
1563338198, 0, 889, 1119, 1114, 259, 4.31%, 0, 4, 2, 133.51
1563338204, 0, 889, 1121, 1116, 259, 4.31%, 0, 4, 2, 137.66
1563338229, 0, 889, 1122, 1117, 259, 4.31%, 0, 4, 2, 136.99
1563338234, 0, 889, 1123, 1118, 259, 4.31%, 0, 4, 2, 133.23
1563338240, 0, 889, 1124, 1119, 259, 4.31%, 0, 4, 2, 134.08
1563338255, 0, 889, 1125, 1120, 259, 4.31%, 0, 4, 2, 137.60
1563338260, 0, 889, 1126, 1121, 259, 4.31%, 0, 4, 2, 141.16
1563338265, 0, 889, 1128, 1123, 259, 4.31%, 0, 4, 2, 143.30
1563338271, 0, 889, 1129, 1124, 259, 4.31%, 0, 4, 2, 135.92
1563338281, 0, 889, 1130, 1125, 259, 4.31%, 0, 4, 2, 137.37
1563338306, 0, 889, 1131, 1126, 259, 4.31%, 0, 4, 2, 142.46
1563338311, 0, 889, 1132, 1127, 259, 4.31%, 0, 4, 2, 76.89
1563338327, 0, 889, 1133, 1128, 259, 4.31%, 0, 4, 2, 139.32
1563338332, 0, 889, 1134, 1129, 259, 4.31%, 0, 4, 2, 139.07
1563338363, 0, 889, 1135, 1130, 259, 4.31%, 0, 4, 2, 133.44
1563338378, 0, 889, 1141, 1135, 258, 4.32%, 0, 4, 2, 129.23
1563338383, 0, 889, 1207, 1201, 258, 4.69%, 0, 4, 2, 122.40
1563338388, 0, 889, 1270, 1264, 258, 4.82%, 0, 4, 2, 108.71
1563338393, 0, 889, 1334, 1328, 258, 4.88%, 0, 4, 2, 121.10
1563338399, 0, 889, 1400, 1394, 258, 4.95%, 0, 4, 2, 122.61
1563338404, 0, 889, 1468, 1462, 258, 5.01%, 0, 4, 2, 125.40
1563338409, 0, 889, 1526, 1520, 258, 5.03%, 0, 4, 2, 114.86
1563338414, 0, 889, 1596, 1590, 258, 5.06%, 0, 4, 2, 128.14
1563338419, 0, 889, 1656, 1650, 258, 5.08%, 0, 4, 2, 122.23
1563338424, 0, 889, 1718, 1712, 258, 5.10%, 0, 4, 2, 67.97
1563338429, 0, 889, 1780, 1774, 258, 5.10%, 0, 4, 2, 114.65
1563338434, 0, 889, 1849, 1843, 258, 5.12%, 0, 4, 2, 132.44
1563338440, 0, 889, 1887, 1881, 258, 5.13%, 0, 4, 2, 131.11
1563338445, 0, 889, 1903, 1897, 258, 5.13%, 0, 4, 2, 132.44
1563338450, 0, 889, 1920, 1914, 258, 5.13%, 0, 4, 2, 133.04
1563338455, 0, 889, 1937, 1931, 258, 5.13%, 0, 4, 2, 130.71
1563338460, 0, 1164, 1951, 1945, 283, 5.13%, 0, 4, 2, 141.01
1563338521, 0, 1177, 1951, 1944, 282, 5.13%, 0, 4, 2, 150.17
1563338624, 0, 1225, 1951, 1943, 281, 5.13%, 0, 4, 2, 158.25
1563338736, 0, 1225, 1951, 1943, 281, 5.13%, 0, 5, 2, 140.40
1563338746, 0, 1265, 1951, 1942, 280, 5.13%, 0, 6, 2, 144.18
1563338766, 0, 1265, 1953, 1944, 280, 5.13%, 0, 6, 2, 146.54
1563338802, 0, 1265, 1954, 1945, 280, 5.13%, 0, 6, 2, 145.24
1563338838, 0, 1265, 1956, 1947, 280, 5.13%, 0, 6, 2, 143.20
1563338946, 0, 1265, 1957, 1948, 280, 5.13%, 0, 6, 2, 136.80
1563338987, 0, 1438, 1957, 1947, 280, 5.13%, 0, 6, 2, 150.08
1563339233, 0, 1438, 1986, 1975, 279, 5.17%, 0, 6, 2, 137.31
1563339238, 0, 1438, 2054, 2043, 279, 5.20%, 0, 6, 2, 129.11
1563339243, 0, 1438, 2125, 2114, 279, 5.20%, 0, 6, 2, 133.11
1563339248, 0, 1438, 2157, 2146, 279, 5.20%, 0, 6, 2, 120.56
1563339253, 0, 2159, 2165, 2154, 284, 5.21%, 0, 6, 2, 132.68
1563339294, 0, 2159, 2166, 2155, 284, 5.22%, 0, 6, 2, 129.74
1563339300, 0, 2159, 2167, 2156, 284, 5.22%, 0, 6, 2, 125.94
1563339320, 0, 2159, 2168, 2157, 284, 5.22%, 0, 6, 2, 133.00
1563339325, 0, 2159, 2169, 2158, 284, 5.22%, 0, 6, 2, 132.12
1563339330, 0, 2159, 2173, 2162, 284, 5.22%, 0, 6, 2, 129.24
1563339519, 0, 2159, 2174, 2163, 284, 5.22%, 0, 6, 2, 131.86
1563339591, 0, 2159, 2175, 2164, 284, 5.22%, 0, 6, 2, 138.70
1563339848, 0, 2159, 2176, 2165, 284, 5.23%, 0, 6, 2, 123.50
1563340474, 0, 2159, 2177, 2166, 284, 5.23%, 0, 6, 2, 134.96
1563340633, 0, 2159, 2177, 2166, 284, 5.23%, 0, 7, 2, 125.36
1563340638, 1, 394, 2177, 2165, 286, 5.23%, 0, 7, 2, 144.56
1563340766, 1, 394, 2178, 2166, 286, 5.23%, 0, 7, 2, 169.56
1563340771, 1, 598, 2178, 2165, 285, 5.23%, 0, 7, 2, 162.65
1563340868, 1, 609, 2178, 2164, 284, 5.23%, 0, 7, 2, 157.29
1563340873, 1, 609, 2179, 2165, 284, 5.23%, 0, 7, 2, 151.32
1563340985, 1, 788, 2179, 2164, 283, 5.23%, 0, 7, 2, 160.75
1563341061, 1, 788, 2185, 2169, 282, 5.25%, 0, 7, 2, 166.42
1563341066, 1, 788, 2245, 2229, 282, 5.31%, 0, 7, 2, 85.20
1563341071, 1, 788, 2304, 2288, 282, 5.32%, 0, 7, 2, 101.30
1563341077, 1, 788, 2369, 2353, 282, 5.34%, 0, 7, 2, 114.64
1563341082, 1, 788, 2429, 2413, 282, 5.37%, 0, 7, 2, 122.24
1563341087, 1, 788, 2440, 2424, 282, 5.38%, 0, 7, 2, 105.10
1563341092, 1, 2429, 2441, 2425, 294, 5.38%, 0, 7, 2, 113.20
1563341148, 1, 2429, 2447, 2431, 294, 5.38%, 0, 7, 2, 111.48
1563341229, 1, 2429, 2448, 2432, 294, 5.38%, 0, 7, 2, 133.79
1563341265, 1, 2429, 2451, 2435, 294, 5.38%, 0, 7, 2, 115.72
1563341520, 1, 2429, 2452, 2436, 294, 5.38%, 0, 7, 2, 127.51
1563341607, 1, 2429, 2454, 2438, 294, 5.38%, 0, 7, 2, 131.26
1563341627, 1, 2429, 2455, 2439, 294, 5.38%, 0, 7, 2, 125.92
1563341633, 1, 2429, 2456, 2440, 294, 5.38%, 0, 7, 2, 128.31
1563341638, 1, 2429, 2457, 2441, 294, 5.38%, 0, 7, 2, 131.92
1563341736, 1, 2429, 2459, 2443, 294, 5.39%, 0, 7, 2, 135.86
1563341746, 1, 2429, 2460, 2444, 294, 5.39%, 0, 7, 2, 134.23
1563341751, 1, 2429, 2461, 2445, 294, 5.39%, 0, 7, 2, 135.07
1563341756, 1, 2429, 2462, 2446, 294, 5.39%, 0, 7, 2, 141.71
1563341777, 1, 2429, 2463, 2447, 294, 5.39%, 0, 7, 2, 147.01
1563341813, 1, 2429, 2464, 2448, 294, 5.39%, 0, 7, 2, 136.74
1563341849, 1, 2429, 2465, 2449, 294, 5.39%, 0, 7, 2, 141.91
1563341869, 1, 2429, 2466, 2450, 294, 5.39%, 0, 7, 2, 136.86
1563341875, 1, 2429, 2467, 2451, 294, 5.39%, 0, 7, 2, 143.78
1563341905, 1, 2438, 2467, 2450, 297, 5.39%, 0, 7, 2, 138.97
1563342830, 1, 2438, 2468, 2451, 297, 5.39%, 0, 7, 2, 122.82
1563342840, 1, 2438, 2470, 2453, 297, 5.39%, 0, 7, 2, 128.47
1563343036, 1, 2438, 2472, 2455, 297, 5.39%, 0, 7, 2, 150.59
1563343103, 1, 2456, 2472, 2454, 297, 5.39%, 0, 7, 2, 141.13
1563343694, 1, 2456, 2473, 2455, 297, 5.39%, 0, 7, 3, 110.73
1563343832, 1, 2456, 2474, 2456, 297, 5.39%, 0, 7, 3, 134.44
1563343847, 1, 2456, 2475, 2457, 297, 5.39%, 0, 7, 3, 122.87
1563343883, 1, 2456, 2476, 2458, 297, 5.39%, 0, 7, 3, 124.81
1563343903, 1, 2456, 2477, 2459, 297, 5.39%, 0, 7, 3, 124.86
1563343928, 1, 2456, 2478, 2460, 297, 5.39%, 0, 7, 3, 121.88
1563343939, 1, 2456, 2479, 2461, 297, 5.39%, 0, 7, 3, 127.11
1563343980, 1, 2456, 2480, 2462, 297, 5.39%, 0, 7, 3, 142.01
1563343995, 1, 2456, 2481, 2463, 297, 5.39%, 0, 7, 3, 150.20
1563344000, 1, 2467, 2481, 2462, 297, 5.39%, 0, 7, 3, 148.06
1563344062, 1, 2467, 2482, 2463, 297, 5.39%, 0, 7, 3, 122.54
1563344364, 1, 2467, 2483, 2464, 297, 5.39%, 0, 7, 3, 149.52
1563344380, 1, 2482, 2483, 2463, 296, 5.39%, 0, 7, 3, 145.99
1563344641, 1, 2482, 2484, 2464, 296, 5.39%, 0, 7, 4, 160.84
1563344656, 1, 2482, 2545, 2524, 295, 5.45%, 0, 7, 4, 136.80
1563344661, 1, 2482, 2619, 2598, 295, 5.47%, 0, 7, 4, 133.69
1563344667, 1, 2482, 2684, 2663, 295, 5.47%, 0, 7, 4, 119.32
1563344672, 1, 2482, 2742, 2721, 295, 5.47%, 0, 7, 4, 109.53
1563344677, 1, 2482, 2811, 2790, 295, 5.47%, 0, 7, 4, 116.60
1563344682, 1, 2482, 2838, 2817, 295, 5.47%, 0, 7, 4, 107.53
1563344692, 2, 815, 2838, 2817, 296, 5.47%, 0, 7, 4, 170.37
1563344727, 2, 1524, 2838, 2816, 295, 5.47%, 0, 7, 4, 152.62
1563344957, 2, 1577, 2838, 2815, 294, 5.47%, 0, 7, 4, 160.41
1563344998, 2, 1616, 2838, 2814, 293, 5.47%, 0, 7, 4, 161.97
1563345028, 2, 1683, 2838, 2813, 292, 5.47%, 0, 7, 4, 156.49
1563345100, 2, 1683, 2853, 2827, 291, 5.47%, 0, 7, 4, 154.18
1563345105, 2, 2313, 2861, 2835, 291, 5.47%, 0, 7, 4, 147.94
1563345649, 2, 2314, 2861, 2834, 290, 5.47%, 0, 7, 4, 146.36
1563345855, 2, 2375, 2861, 2833, 289, 5.47%, 0, 7, 4, 163.76
1563345870, 3, 355, 2861, 2832, 288, 5.47%, 0, 7, 4, 157.42
1563345987, 3, 355, 2862, 2833, 288, 5.47%, 0, 7, 4, 163.97
1563345998, 3, 490, 2862, 2832, 287, 5.47%, 0, 7, 4, 160.69
1563346089, 3, 622, 2862, 2831, 286, 5.47%, 0, 7, 4, 155.51
1563346197, 3, 622, 2879, 2847, 285, 5.47%, 0, 7, 4, 142.69
1563346203, 3, 677, 2920, 2888, 283, 5.47%, 0, 7, 4, 133.55
1563346289, 3, 768, 2920, 2887, 282, 5.47%, 0, 7, 4, 153.81
1563346315, 3, 768, 2921, 2888, 282, 5.47%, 0, 7, 4, 145.53
1563346413, 3, 1065, 2921, 2887, 281, 5.47%, 0, 7, 4, 154.61
1563346520, 3, 1696, 2921, 2886, 280, 5.47%, 0, 7, 4, 167.64
1563346602, 3, 1827, 2921, 2885, 279, 5.47%, 0, 7, 4, 164.79
1563346678, 3, 1828, 2928, 2891, 278, 5.47%, 0, 7, 4, 171.71
1563346776, 3, 1830, 2928, 2890, 277, 5.47%, 0, 7, 4, 163.32
1563346985, 3, 1859, 2928, 2889, 277, 5.47%, 0, 7, 4, 144.31
1563347098, 3, 1999, 2928, 2888, 276, 5.47%, 0, 7, 4, 151.64
1563347221, 3, 2027, 2928, 2887, 276, 5.47%, 0, 7, 4, 142.73
1563347496, 3, 2027, 2948, 2906, 276, 5.47%, 0, 7, 4, 69.03
1563347501, 3, 2101, 2952, 2910, 276, 5.47%, 0, 7, 4, 58.73
1563347961, 3, 2114, 2952, 2909, 276, 5.47%, 0, 7, 4, 153.99
1563348795, 3, 2183, 2952, 2908, 276, 5.47%, 0, 7, 4, 150.14
1563349062, 3, 2220, 2952, 2907, 275, 5.47%, 0, 7, 4, 159.19
1563350638, 3, 2409, 2952, 2906, 275, 5.47%, 0, 7, 4, 150.26
1563350735, 3, 2409, 2971, 2924, 275, 5.47%, 0, 7, 4, 150.71
1563350740, 3, 2409, 3032, 2985, 275, 5.47%, 0, 7, 4, 119.15
1563350745, 3, 2418, 3049, 3002, 271, 5.47%, 0, 7, 4, 112.53
1563352385, 3, 2590, 3049, 3001, 271, 5.47%, 0, 7, 4, 132.09
1563352709, 3, 2739, 3049, 3000, 270, 5.47%, 0, 7, 4, 134.78
1563352729, 3, 2739, 3050, 3001, 270, 5.47%, 0, 7, 4, 86.78
1563357243, 4, 356, 3050, 3000, 270, 5.47%, 0, 7, 4, 135.58
1563357259, 4, 612, 3050, 2999, 269, 5.47%, 0, 7, 4, 143.42
1563357566, 4, 612, 3060, 3008, 269, 5.47%, 0, 7, 4, 152.74
1563357571, 4, 612, 3141, 3089, 269, 5.47%, 0, 7, 4, 142.92
1563357576, 4, 1404, 3158, 3106, 269, 5.47%, 0, 7, 4, 158.29
1563357587, 4, 1404, 3159, 3107, 269, 5.47%, 0, 7, 4, 164.10
1563357648, 4, 1647, 3159, 3106, 268, 5.47%, 0, 7, 4, 181.27
1563357704, 4, 1661, 3159, 3105, 267, 5.47%, 0, 7, 4, 177.11
1563357805, 4, 1765, 3159, 3104, 266, 5.47%, 0, 7, 4, 169.86
1563358163, 4, 1824, 3159, 3103, 266, 5.47%, 0, 7, 4, 164.09
1563358250, 4, 2200, 3171, 3114, 267, 5.47%, 0, 7, 4, 140.93
1563358709, 4, 2241, 3171, 3113, 266, 5.47%, 0, 7, 4, 149.92
1563358836, 4, 2241, 3172, 3114, 266, 5.47%, 0, 7, 4, 115.07
1563360178, 4, 2247, 3172, 3113, 266, 5.47%, 0, 7, 4, 137.91
1563360420, 4, 2518, 3172, 3112, 265, 5.47%, 0, 7, 4, 132.10
1563360501, 4, 2565, 3172, 3111, 265, 5.47%, 0, 7, 4, 164.48
1563360869, 4, 2565, 3210, 3148, 265, 5.47%, 0, 7, 4, 102.76
1563360874, 5, 147, 3211, 3149, 265, 5.47%, 0, 7, 4, 118.41
1563360960, 5, 147, 3212, 3150, 265, 5.47%, 0, 7, 4, 151.94
1563361089, 5, 156, 3212, 3149, 264, 5.47%, 0, 7, 4, 154.83
1563361335, 5, 961, 3212, 3148, 263, 5.47%, 0, 7, 4, 145.04
1563361534, 5, 984, 3212, 3147, 262, 5.47%, 0, 7, 4, 134.22
1563361708, 5, 1003, 3212, 3146, 261, 5.47%, 0, 7, 4, 135.13
1563361780, 5, 1130, 3212, 3145, 260, 5.47%, 0, 7, 4, 139.13
1563361831, 5, 1130, 3227, 3159, 259, 5.47%, 0, 7, 4, 153.97
1563361836, 5, 1146, 3229, 3161, 259, 5.47%, 0, 7, 4, 137.50
1563361969, 5, 1153, 3229, 3160, 259, 5.47%, 0, 7, 4, 126.66
1563362107, 5, 1166, 3229, 3159, 258, 5.47%, 0, 7, 4, 153.43
1563362246, 5, 1174, 3229, 3158, 258, 5.47%, 0, 7, 4, 147.80
1563363543, 5, 1176, 3229, 3157, 258, 5.47%, 0, 7, 4, 145.91
1563365375, 5, 1176, 3253, 3180, 258, 5.47%, 0, 7, 4, 137.00
1563365380, 5, 1191, 3256, 3183, 259, 5.47%, 0, 7, 4, 153.74
1563365498, 5, 1224, 3256, 3182, 259, 5.47%, 0, 7, 4, 170.03
1563365662, 5, 1256, 3256, 3181, 259, 5.47%, 0, 7, 4, 160.03
1563367104, 5, 1263, 3256, 3180, 259, 5.47%, 0, 7, 4, 140.88
1563368958, 5, 1297, 3256, 3179, 259, 5.47%, 0, 7, 4, 128.47
1563369123, 5, 1297, 3271, 3193, 259, 5.47%, 0, 7, 4, 140.11
1563369128, 5, 3262, 3280, 3202, 260, 5.47%, 0, 7, 4, 128.54
1563369195, 5, 3262, 3281, 3203, 260, 5.47%, 0, 7, 4, 135.59
1563369328, 5, 3262, 3282, 3204, 260, 5.47%, 0, 7, 4, 137.02
1563369513, 5, 3262, 3284, 3206, 260, 5.47%, 0, 7, 4, 151.28
1563369523, 5, 3262, 3285, 3207, 260, 5.47%, 0, 7, 4, 154.15
1563369629, 5, 3262, 3286, 3208, 260, 5.47%, 0, 7, 4, 149.74
1563369727, 6, 95, 3286, 3207, 260, 5.47%, 0, 7, 4, 145.15
1563369926, 6, 262, 3286, 3206, 260, 5.47%, 0, 7, 4, 158.43
1563370033, 6, 446, 3286, 3205, 259, 5.47%, 0, 7, 4, 144.22
1563370223, 6, 506, 3286, 3204, 258, 5.47%, 0, 7, 4, 153.53
1563370424, 6, 564, 3292, 3209, 258, 5.47%, 0, 7, 4, 155.25
1563370490, 6, 898, 3292, 3208, 258, 5.47%, 0, 7, 4, 157.94
1563370598, 6, 1419, 3292, 3207, 258, 5.47%, 0, 7, 4, 155.85
1563370761, 6, 1527, 3292, 3206, 258, 5.47%, 0, 7, 4, 160.38
1563370908, 6, 1528, 3292, 3205, 257, 5.47%, 0, 7, 4, 162.62
1563371123, 6, 1528, 3300, 3212, 256, 5.47%, 0, 7, 4, 146.02
1563371128, 6, 1680, 3300, 3212, 256, 5.47%, 0, 7, 4, 158.00
1563371276, 6, 1877, 3300, 3211, 255, 5.47%, 0, 7, 4, 163.84
1563371384, 6, 2024, 3300, 3210, 255, 5.47%, 0, 7, 4, 163.68
1563372952, 6, 2204, 3300, 3209, 254, 5.47%, 0, 7, 4, 145.50
1563373274, 6, 2433, 3300, 3208, 253, 5.47%, 0, 7, 4, 146.58
1563374243, 6, 3301, 3331, 3238, 254, 5.47%, 0, 7, 4, 129.41
1563374536, 7, 2488, 3331, 3237, 254, 5.47%, 0, 7, 4, 126.97
1563379918, 7, 2492, 3331, 3236, 254, 5.47%, 0, 7, 4, 118.53
1563380485, 7, 2493, 3331, 3235, 254, 5.47%, 0, 7, 4, 113.72
1563384605, 7, 2493, 3332, 3236, 254, 5.47%, 0, 7, 4, 109.30
1563384636, 7, 2505, 3332, 3235, 254, 5.47%, 0, 7, 4, 118.15
1563384924, 7, 2505, 3368, 3270, 254, 5.47%, 0, 7, 4, 139.29
1563384929, 7, 2522, 3394, 3296, 255, 5.47%, 0, 7, 4, 130.99
1563387574, 7, 2532, 3394, 3295, 255, 5.47%, 0, 7, 4, 150.96
1563387949, 7, 2569, 3394, 3294, 255, 5.47%, 0, 7, 4, 149.93
1563388102, 7, 2588, 3394, 3293, 255, 5.47%, 0, 7, 4, 148.83
1563388688, 7, 2588, 3395, 3294, 255, 5.47%, 0, 7, 4, 150.74
1563388719, 7, 2631, 3395, 3293, 255, 5.47%, 0, 7, 4, 77.92
1563393972, 7, 2633, 3395, 3292, 255, 5.47%, 0, 7, 4, 124.79
1563394275, 7, 2633, 3428, 3324, 254, 5.47%, 0, 7, 4, 136.72
1563394280, 7, 2636, 3428, 3324, 254, 5.47%, 0, 7, 4, 150.45
1563394342, 7, 2716, 3428, 3323, 253, 5.47%, 0, 7, 4, 160.68
1563395340, 7, 2724, 3428, 3322, 253, 5.47%, 0, 7, 4, 146.93
1563395953, 7, 2840, 3428, 3321, 253, 5.47%, 0, 7, 4, 163.77
1563396056, 7, 2841, 3428, 3320, 253, 5.47%, 0, 7, 4, 167.70
1563396193, 7, 2842, 3443, 3334, 253, 5.47%, 0, 7, 4, 158.36
1563396533, 7, 2842, 3444, 3335, 253, 5.47%, 0, 7, 4, 145.93
1563397026, 7, 2842, 3445, 3336, 253, 5.47%, 0, 7, 4, 138.08
1563397148, 7, 2908, 3445, 3335, 253, 5.47%, 0, 7, 4, 141.04
1563397850, 7, 2944, 3445, 3334, 253, 5.47%, 0, 7, 4, 122.05
1563398231, 7, 2977, 3445, 3333, 253, 5.47%, 0, 7, 4, 131.35
1563398766, 7, 3067, 3445, 3332, 253, 5.47%, 0, 7, 4, 146.63
1563398960, 7, 3067, 3459, 3345, 253, 5.47%, 0, 7, 4, 148.48
1563398965, 7, 3247, 3460, 3346, 252, 5.47%, 0, 7, 4, 157.93
1563399144, 8, 2170, 3460, 3345, 252, 5.47%, 0, 7, 4, 159.38
1563399211, 8, 2170, 3461, 3346, 252, 5.47%, 0, 7, 4, 149.19
1563400439, 8, 2179, 3461, 3345, 252, 5.47%, 0, 7, 4, 126.80
1563401615, 8, 2181, 3461, 3344, 252, 5.47%, 0, 7, 4, 120.95
1563403642, 8, 2191, 3461, 3343, 252, 5.47%, 0, 7, 4, 136.26
1563405307, 8, 2191, 3505, 3386, 252, 5.47%, 0, 7, 4, 114.35
1563405312, 8, 2219, 3507, 3388, 252, 5.47%, 0, 7, 4, 138.25
1563407288, 8, 2219, 3508, 3389, 252, 5.47%, 0, 7, 4, 141.87
1563407533, 8, 2246, 3508, 3388, 252, 5.47%, 0, 7, 4, 146.84
1563407793, 8, 2276, 3508, 3387, 252, 5.47%, 0, 7, 4, 156.93
1563408243, 8, 2399, 3508, 3386, 252, 5.47%, 0, 7, 4, 166.78
1563408436, 8, 2457, 3508, 3385, 251, 5.47%, 0, 7, 4, 157.08
1563408873, 8, 3508, 3523, 3399, 252, 5.47%, 0, 7, 4, 120.85
1563409492, 9, 1, 3523, 3398, 251, 5.47%, 0, 7, 4, 151.25
1563409605, 9, 97, 3523, 3397, 251, 5.47%, 0, 7, 4, 160.78
1563409804, 9, 101, 3523, 3396, 250, 5.47%, 0, 7, 4, 169.02
1563410025, 9, 318, 3523, 3395, 250, 5.47%, 0, 7, 4, 159.14
1563410138, 9, 400, 3526, 3397, 249, 5.47%, 0, 7, 4, 162.57
1563410312, 9, 513, 3526, 3396, 249, 5.47%, 0, 7, 4, 158.20
1563410430, 9, 535, 3526, 3395, 248, 5.47%, 0, 7, 4, 159.87
1563410567, 9, 576, 3526, 3394, 248, 5.47%, 0, 7, 4, 154.80
1563410587, 9, 700, 3526, 3393, 247, 5.47%, 0, 7, 4, 157.61
1563410602, 9, 864, 3527, 3393, 246, 5.47%, 0, 7, 4, 150.85
1563410817, 9, 1016, 3527, 3392, 245, 5.47%, 0, 7, 4, 156.38
1563410975, 9, 1055, 3527, 3391, 244, 5.47%, 0, 7, 4, 164.17
1563411113, 9, 1233, 3527, 3390, 244, 5.47%, 0, 7, 4, 155.44
1563411256, 9, 1290, 3527, 3389, 244, 5.47%, 0, 7, 4, 174.03
1563411400, 9, 1786, 3533, 3394, 244, 5.47%, 0, 7, 4, 148.42
1563411497, 9, 1796, 3533, 3393, 243, 5.47%, 0, 7, 4, 152.37
1563412659, 9, 1814, 3533, 3392, 243, 5.47%, 0, 7, 4, 145.20
1563412797, 9, 1821, 3533, 3391, 243, 5.47%, 0, 7, 4, 161.60
1563412910, 9, 1843, 3533, 3390, 243, 5.47%, 0, 7, 4, 157.00
1563413032, 9, 1844, 3535, 3391, 243, 5.47%, 0, 7, 4, 160.40
1563413140, 9, 1962, 3535, 3390, 243, 5.47%, 0, 7, 4, 172.88
1563413201, 9, 1965, 3535, 3389, 242, 5.47%, 0, 7, 4, 144.96
1563414642, 9, 1966, 3535, 3388, 242, 5.47%, 0, 7, 4, 119.49
