# unix_time, cycles_done, cur_path, paths_total, pending_total, pending_favs, map_size, unique_crashes, unique_hangs, max_depth, execs_per_sec
1563336118, 0, 0, 2, 2, 2, 0.47%, 0, 0, 1, 155.34
1563336123, 0, 0, 37, 37, 2, 0.79%, 0, 0, 2, 164.64
1563336128, 0, 0, 43, 43, 2, 0.81%, 0, 0, 2, 161.52
1563336138, 0, 0, 70, 70, 2, 1.02%, 0, 0, 2, 155.15
1563336143, 0, 0, 88, 88, 2, 1.18%, 0, 0, 2, 158.14
1563336148, 0, 0, 94, 94, 2, 1.21%, 0, 0, 2, 159.81
1563336158, 0, 0, 107, 107, 2, 1.29%, 0, 0, 2, 160.19
1563336163, 0, 0, 118, 118, 2, 1.33%, 0, 0, 2, 160.53
1563336168, 0, 0, 121, 121, 2, 1.33%, 0, 0, 2, 156.53
1563336178, 0, 0, 127, 127, 2, 1.35%, 0, 0, 2, 155.78
1563336183, 0, 0, 129, 129, 2, 1.35%, 0, 0, 2, 153.16
1563336188, 0, 0, 132, 132, 2, 1.35%, 0, 0, 2, 160.72
1563336194, 0, 0, 136, 136, 2, 1.37%, 0, 0, 2, 154.10
1563336199, 0, 0, 147, 147, 2, 1.59%, 0, 0, 2, 162.49
1563336204, 0, 0, 148, 148, 2, 1.59%, 0, 0, 2, 157.71
1563336209, 0, 0, 150, 150, 2, 1.60%, 0, 0, 2, 161.42
1563336214, 0, 0, 164, 164, 2, 1.81%, 0, 0, 2, 158.42
1563336224, 0, 0, 174, 174, 2, 1.90%, 0, 0, 2, 157.06
1563336229, 0, 0, 178, 178, 2, 1.91%, 0, 0, 2, 137.13
1563336240, 0, 0, 180, 180, 2, 1.94%, 0, 0, 2, 132.39
1563336245, 0, 0, 181, 181, 2, 1.94%, 0, 0, 2, 133.42
1563336260, 0, 0, 183, 183, 2, 1.95%, 0, 0, 2, 139.53
1563336265, 0, 0, 187, 187, 2, 1.95%, 0, 0, 2, 140.77
1563336271, 0, 0, 189, 189, 2, 1.98%, 0, 0, 2, 138.18
1563336276, 0, 0, 194, 194, 2, 1.98%, 0, 0, 2, 129.20
1563336281, 0, 0, 198, 198, 2, 2.00%, 0, 0, 2, 137.16
1563336286, 0, 0, 201, 201, 2, 2.00%, 0, 0, 2, 129.77
1563336301, 0, 0, 203, 203, 2, 2.00%, 0, 0, 2, 131.39
1563336307, 0, 0, 207, 207, 2, 2.00%, 0, 0, 2, 132.03
1563336317, 0, 0, 212, 212, 2, 2.02%, 0, 0, 2, 133.12
1563336322, 0, 0, 214, 214, 2, 2.02%, 0, 0, 2, 128.22
1563336327, 0, 0, 217, 217, 2, 2.02%, 0, 0, 2, 131.18
1563336337, 0, 0, 225, 225, 2, 2.06%, 0, 0, 2, 130.99
1563336343, 0, 0, 235, 235, 2, 2.10%, 0, 0, 2, 141.76
1563336348, 0, 0, 242, 242, 2, 2.17%, 0, 0, 2, 145.44
1563336353, 0, 0, 245, 245, 2, 2.17%, 0, 0, 2, 146.40
1563336358, 0, 0, 248, 248, 2, 2.18%, 0, 0, 2, 146.37
1563336363, 0, 0, 255, 255, 2, 2.19%, 0, 0, 2, 142.23
1563336368, 0, 0, 262, 262, 2, 2.20%, 0, 0, 2, 146.82
1563336374, 0, 0, 264, 264, 2, 2.22%, 0, 0, 2, 146.95
1563336379, 0, 0, 268, 268, 2, 2.22%, 0, 0, 2, 143.33
1563336384, 0, 0, 275, 275, 2, 2.22%, 0, 0, 2, 143.86
1563336389, 0, 0, 276, 276, 2, 2.25%, 0, 0, 2, 141.64
1563336394, 0, 0, 281, 281, 2, 2.25%, 0, 0, 2, 148.04
1563336399, 0, 0, 286, 286, 2, 2.25%, 0, 0, 2, 147.52
1563336404, 0, 0, 288, 288, 2, 2.25%, 0, 0, 2, 145.61
1563336410, 0, 0, 291, 291, 2, 2.28%, 0, 0, 2, 143.59
1563336415, 0, 0, 294, 294, 2, 2.30%, 0, 0, 2, 147.79
1563336420, 0, 0, 299, 299, 2, 2.34%, 0, 0, 2, 147.48
1563336425, 0, 0, 304, 304, 2, 2.34%, 0, 0, 2, 146.91
1563336430, 0, 0, 307, 307, 2, 2.34%, 0, 0, 2, 145.79
1563336435, 0, 0, 310, 310, 2, 2.34%, 0, 0, 2, 142.68
1563336441, 0, 0, 313, 313, 2, 2.34%, 0, 0, 2, 147.64
1563336446, 0, 0, 316, 316, 2, 2.36%, 0, 0, 2, 145.93
1563336451, 0, 0, 318, 318, 2, 2.36%, 0, 0, 2, 144.18
1563336456, 0, 0, 319, 319, 2, 2.36%, 0, 0, 2, 147.21
1563336461, 0, 0, 321, 321, 2, 2.36%, 0, 0, 2, 146.88
1563336466, 0, 0, 326, 326, 2, 2.37%, 0, 0, 2, 145.87
1563336472, 0, 0, 327, 327, 2, 2.37%, 0, 0, 2, 146.06
1563336477, 0, 0, 330, 330, 2, 2.37%, 0, 0, 2, 143.52
1563336482, 0, 0, 332, 332, 2, 2.38%, 0, 0, 2, 141.58
1563336492, 0, 0, 337, 337, 2, 2.38%, 0, 0, 2, 143.25
1563336497, 0, 0, 341, 341, 2, 2.40%, 0, 0, 2, 148.34
1563336502, 0, 0, 344, 344, 2, 2.40%, 0, 0, 2, 145.03
1563336508, 0, 0, 346, 346, 2, 2.41%, 0, 0, 2, 143.87
1563336513, 0, 0, 348, 348, 2, 2.41%, 0, 0, 2, 143.71
1563336518, 0, 0, 350, 350, 2, 2.43%, 0, 0, 2, 147.82
1563336523, 0, 0, 352, 352, 2, 2.44%, 0, 0, 2, 141.03
1563336528, 0, 0, 353, 353, 2, 2.44%, 0, 0, 2, 145.54
1563336534, 0, 0, 355, 355, 2, 2.48%, 0, 0, 2, 150.86
1563336544, 0, 0, 356, 356, 2, 2.48%, 0, 0, 2, 145.41
1563336549, 0, 0, 357, 357, 2, 2.48%, 0, 0, 2, 148.39
1563336559, 0, 0, 361, 361, 2, 2.49%, 0, 0, 2, 143.87
1563336565, 0, 0, 364, 364, 2, 2.49%, 0, 0, 2, 142.91
1563336570, 0, 0, 365, 365, 2, 2.49%, 0, 0, 2, 148.70
1563336575, 0, 0, 426, 425, 1, 2.68%, 0, 0, 2, 138.04
1563336580, 0, 0, 496, 495, 1, 2.96%, 0, 0, 2, 132.86
1563336585, 0, 0, 561, 560, 1, 3.06%, 0, 0, 2, 129.32
1563336590, 0, 0, 627, 626, 1, 3.15%, 0, 0, 2, 131.80
1563336596, 0, 0, 693, 692, 1, 3.22%, 0, 0, 2, 135.23
1563336601, 0, 0, 713, 712, 1, 3.23%, 0, 0, 2, 133.41
1563336606, 0, 0, 722, 721, 1, 3.25%, 0, 0, 2, 136.67
1563336611, 0, 33, 723, 720, 178, 3.25%, 0, 0, 2, 138.20
1563336709, 0, 33, 724, 721, 178, 3.25%, 0, 0, 3, 134.63
1563336832, 0, 33, 725, 722, 178, 3.25%, 0, 0, 3, 139.83
1563336843, 0, 52, 725, 719, 175, 3.25%, 0, 0, 3, 140.94
1563336848, 0, 67, 725, 716, 173, 3.25%, 0, 0, 3, 139.05
1563336868, 0, 67, 726, 717, 173, 3.25%, 0, 0, 3, 131.45
1563336889, 0, 67, 727, 718, 173, 3.27%, 0, 0, 3, 131.85
1563337080, 0, 91, 727, 715, 171, 3.27%, 0, 0, 3, 143.27
1563337085, 0, 107, 727, 710, 166, 3.27%, 0, 0, 3, 141.82
1563337090, 0, 123, 727, 706, 163, 3.27%, 0, 0, 3, 135.96
1563337095, 0, 141, 727, 702, 159, 3.27%, 0, 0, 3, 139.11
1563337100, 0, 146, 727, 698, 156, 3.27%, 0, 0, 3, 137.17
1563337105, 0, 158, 727, 693, 151, 3.27%, 0, 0, 3, 142.75
1563337111, 0, 165, 727, 689, 147, 3.27%, 0, 0, 3, 145.85
1563337116, 0, 172, 727, 684, 142, 3.27%, 0, 0, 3, 144.15
1563337121, 0, 212, 727, 680, 138, 3.27%, 0, 0, 3, 141.09
1563337126, 0, 242, 727, 676, 134, 3.27%, 0, 0, 3, 141.78
1563337131, 0, 242, 731, 680, 134, 3.29%, 0, 0, 3, 128.75
1563337141, 0, 242, 735, 684, 134, 3.30%, 0, 0, 3, 122.24
1563337152, 0, 242, 736, 685, 134, 3.30%, 0, 0, 3, 130.41
1563337167, 0, 242, 739, 688, 134, 3.31%, 0, 0, 3, 128.40
1563337172, 0, 242, 740, 689, 134, 3.31%, 0, 0, 3, 129.47
1563337177, 0, 242, 741, 690, 134, 3.31%, 0, 0, 3, 123.65
1563337188, 0, 242, 747, 696, 134, 3.34%, 0, 0, 3, 128.43
1563337224, 0, 242, 748, 697, 134, 3.34%, 0, 0, 3, 134.05
1563337244, 0, 242, 752, 701, 134, 3.34%, 0, 0, 3, 136.48
1563337249, 0, 242, 757, 706, 134, 3.35%, 0, 0, 3, 134.20
1563337254, 0, 242, 759, 708, 134, 3.35%, 0, 0, 3, 135.49
1563337260, 0, 242, 764, 713, 134, 3.35%, 0, 0, 3, 139.00
1563337265, 0, 242, 768, 717, 134, 3.35%, 0, 0, 3, 139.46
1563337270, 0, 242, 769, 718, 134, 3.35%, 0, 0, 3, 143.45
1563337275, 0, 242, 770, 719, 134, 3.35%, 0, 0, 3, 137.30
1563337280, 0, 242, 773, 722, 134, 3.36%, 0, 0, 3, 139.59
1563337285, 0, 242, 775, 724, 134, 3.36%, 0, 0, 3, 142.15
1563337290, 0, 242, 779, 728, 134, 3.37%, 0, 0, 3, 139.41
1563337301, 0, 242, 780, 729, 134, 3.38%, 0, 0, 3, 137.87
1563337306, 0, 242, 782, 731, 134, 3.38%, 0, 0, 3, 139.45
1563337316, 0, 242, 783, 732, 134, 3.38%, 0, 0, 3, 143.92
1563337321, 0, 242, 785, 734, 134, 3.38%, 0, 0, 3, 131.62
1563337326, 0, 242, 788, 737, 134, 3.38%, 0, 0, 3, 132.26
1563337347, 0, 242, 789, 738, 134, 3.38%, 0, 0, 3, 140.33
1563337352, 0, 242, 790, 739, 134, 3.38%, 0, 0, 3, 138.09
1563337357, 0, 242, 791, 740, 134, 3.38%, 0, 0, 3, 142.87
1563337362, 0, 242, 793, 742, 134, 3.38%, 0, 0, 3, 139.98
1563337373, 0, 242, 795, 744, 134, 3.40%, 0, 0, 3, 141.14
1563337393, 0, 242, 797, 746, 134, 3.40%, 0, 0, 3, 143.58
1563337399, 0, 242, 798, 747, 134, 3.40%, 0, 0, 3, 143.90
1563337404, 0, 242, 802, 751, 134, 3.42%, 0, 0, 3, 151.81
1563337409, 0, 242, 803, 752, 134, 3.42%, 0, 0, 3, 139.10
1563337414, 0, 242, 804, 753, 134, 3.42%, 0, 0, 3, 135.37
1563337419, 0, 242, 805, 754, 134, 3.42%, 0, 0, 3, 134.89
1563337424, 0, 246, 805, 752, 149, 3.42%, 0, 0, 3, 144.49
1563337563, 0, 247, 806, 752, 148, 3.43%, 0, 0, 3, 143.10
1563337573, 0, 247, 807, 753, 148, 3.43%, 0, 0, 3, 144.70
1563337594, 0, 247, 858, 803, 147, 3.86%, 0, 0, 3, 144.19
1563337599, 0, 247, 929, 874, 147, 4.02%, 0, 0, 3, 134.71
1563337604, 0, 247, 999, 944, 147, 4.12%, 0, 0, 3, 128.48
1563337609, 0, 247, 1075, 1020, 147, 4.18%, 0, 0, 3, 139.11
1563337614, 0, 247, 1149, 1094, 147, 4.23%, 0, 0, 3, 139.71
1563337619, 0, 247, 1220, 1165, 147, 4.25%, 0, 0, 3, 137.45
1563337624, 0, 247, 1281, 1226, 147, 4.30%, 0, 0, 3, 131.76
1563337629, 0, 247, 1316, 1261, 147, 4.38%, 0, 0, 3, 134.86
1563337635, 0, 247, 1330, 1275, 147, 4.39%, 0, 0, 3, 132.05
1563337640, 0, 253, 1331, 1276, 224, 4.39%, 0, 0, 3, 134.14
1563337660, 0, 253, 1332, 1277, 224, 4.39%, 0, 0, 3, 128.28
1563337835, 0, 253, 1333, 1278, 224, 4.39%, 0, 0, 3, 139.28
1563337912, 0, 253, 1334, 1279, 224, 4.39%, 0, 0, 3, 136.02
1563337923, 0, 253, 1335, 1280, 224, 4.39%, 0, 0, 3, 145.78
1563337953, 0, 255, 1335, 1279, 224, 4.39%, 0, 0, 3, 139.77
1563338041, 0, 263, 1335, 1278, 223, 4.39%, 0, 0, 3, 150.14
1563338046, 0, 263, 1337, 1280, 223, 4.39%, 0, 0, 3, 150.38
1563338061, 0, 263, 1338, 1281, 223, 4.39%, 0, 0, 3, 149.80
1563338118, 0, 263, 1339, 1282, 223, 4.39%, 0, 0, 3, 142.41
1563338138, 0, 288, 1339, 1281, 225, 4.39%, 0, 0, 3, 145.30
1563338281, 0, 298, 1339, 1280, 224, 4.39%, 0, 0, 3, 149.96
1563338297, 0, 298, 1340, 1281, 224, 4.39%, 0, 0, 3, 147.78
1563338415, 0, 298, 1370, 1310, 223, 4.62%, 0, 0, 3, 141.15
1563338421, 0, 298, 1444, 1384, 223, 4.74%, 0, 0, 3, 135.42
1563338426, 0, 298, 1518, 1458, 223, 4.77%, 0, 0, 3, 136.51
1563338431, 0, 298, 1588, 1528, 223, 4.80%, 0, 0, 3, 129.87
1563338436, 0, 298, 1643, 1583, 223, 4.84%, 0, 0, 3, 133.20
1563338441, 0, 298, 1655, 1595, 223, 4.84%, 0, 0, 3, 130.40
1563338446, 0, 315, 1656, 1596, 240, 4.84%, 0, 0, 3, 137.25
1563338549, 0, 319, 1656, 1595, 239, 4.84%, 0, 0, 3, 143.72
1563338616, 0, 319, 1657, 1596, 239, 4.84%, 0, 0, 3, 134.74
1563338683, 0, 336, 1657, 1595, 240, 4.84%, 0, 0, 3, 126.55
1563338765, 0, 336, 1658, 1596, 240, 4.84%, 0, 0, 3, 124.12
1563338770, 0, 336, 1659, 1597, 240, 4.84%, 0, 0, 3, 128.37
1563338832, 0, 342, 1659, 1595, 239, 4.84%, 0, 0, 3, 135.82
1563338975, 0, 350, 1659, 1594, 238, 4.84%, 0, 0, 3, 143.97
1563338981, 0, 357, 1659, 1592, 236, 4.84%, 0, 0, 3, 150.17
1563339068, 0, 357, 1699, 1631, 235, 5.00%, 0, 0, 3, 133.22
1563339073, 0, 357, 1768, 1700, 235, 5.04%, 0, 0, 3, 127.30
1563339078, 0, 357, 1833, 1765, 235, 5.07%, 0, 0, 3, 123.87
1563339083, 0, 357, 1854, 1786, 235, 5.08%, 0, 0, 3, 122.52
1563339088, 0, 364, 1859, 1791, 239, 5.08%, 0, 0, 3, 135.51
1563339124, 0, 364, 1860, 1792, 239, 5.08%, 0, 0, 3, 145.50
1563339176, 0, 364, 1861, 1793, 239, 5.08%, 0, 0, 3, 141.28
1563339268, 0, 443, 1861, 1784, 231, 5.08%, 0, 0, 3, 129.28
1563339273, 0, 617, 1861, 1774, 222, 5.08%, 0, 0, 3, 137.77
1563339279, 0, 626, 1861, 1773, 221, 5.08%, 0, 0, 3, 124.15
1563339474, 0, 627, 1861, 1772, 220, 5.08%, 0, 0, 3, 142.67
1563339490, 0, 627, 1862, 1773, 220, 5.08%, 0, 0, 3, 140.10
1563339613, 0, 684, 1862, 1767, 215, 5.08%, 0, 0, 3, 142.78
1563339623, 0, 772, 1862, 1760, 209, 5.08%, 0, 0, 3, 135.88
1563339628, 0, 805, 1902, 1797, 204, 5.09%, 0, 0, 3, 129.90
1563339633, 0, 805, 1966, 1861, 204, 5.10%, 0, 0, 3, 123.43
1563339639, 0, 805, 2018, 1913, 204, 5.10%, 0, 0, 3, 126.38
1563339644, 0, 854, 2021, 1910, 199, 5.10%, 0, 0, 3, 147.39
1563339649, 0, 871, 2021, 1906, 196, 5.10%, 0, 0, 3, 147.57
1563339654, 0, 894, 2021, 1905, 196, 5.10%, 0, 0, 3, 143.84
1563339865, 0, 936, 2021, 1901, 193, 5.10%, 0, 0, 3, 144.03
1563339870, 0, 946, 2021, 1899, 191, 5.10%, 0, 0, 3, 139.16
1563339993, 0, 952, 2021, 1896, 188, 5.10%, 0, 0, 3, 134.61
1563339998, 0, 958, 2021, 1894, 186, 5.10%, 0, 0, 3, 139.77
1563340096, 0, 983, 2021, 1891, 183, 5.10%, 0, 0, 3, 146.94
1563340101, 0, 1037, 2021, 1883, 175, 5.10%, 0, 0, 3, 117.19
1563340250, 0, 1050, 2021, 1880, 172, 5.10%, 0, 0, 3, 140.23
1563340255, 0, 1059, 2021, 1879, 171, 5.10%, 0, 0, 3, 144.70
1563340311, 0, 1059, 2075, 1932, 170, 5.12%, 0, 0, 3, 126.57
1563340316, 0, 1059, 2124, 1981, 170, 5.14%, 0, 0, 3, 121.98
1563340321, 0, 1106, 2126, 1976, 159, 5.14%, 0, 0, 3, 141.95
1563340326, 0, 1109, 2126, 1975, 158, 5.14%, 0, 0, 3, 144.74
1563340331, 0, 1112, 2126, 1974, 157, 5.14%, 0, 0, 3, 136.48
1563340336, 0, 1113, 2126, 1973, 156, 5.14%, 0, 0, 3, 110.80
1563340341, 0, 1141, 2126, 1969, 152, 5.14%, 0, 0, 3, 116.76
1563340346, 0, 1145, 2126, 1967, 151, 5.14%, 0, 0, 3, 127.44
1563340352, 0, 1161, 2126, 1964, 148, 5.14%, 0, 0, 3, 131.17
1563340439, 0, 1166, 2126, 1963, 147, 5.14%, 0, 0, 3, 150.48
1563340449, 0, 1216, 2126, 1957, 141, 5.14%, 0, 0, 3, 131.57
1563340532, 0, 1292, 2126, 1948, 132, 5.14%, 0, 0, 3, 140.02
1563340537, 0, 1333, 2126, 1943, 127, 5.14%, 0, 0, 3, 144.86
1563340542, 0, 1333, 2127, 1944, 127, 5.14%, 0, 0, 4, 146.20
1563340645, 0, 1412, 2127, 1931, 113, 5.14%, 0, 0, 4, 135.91
1563340774, 0, 1418, 2127, 1929, 111, 5.14%, 0, 0, 4, 136.44
1563340779, 0, 1496, 2127, 1921, 103, 5.14%, 0, 0, 4, 134.58
1563340784, 0, 1527, 2127, 1915, 97, 5.14%, 0, 0, 4, 138.77
1563340789, 0, 1560, 2127, 1908, 90, 5.14%, 0, 0, 4, 125.76
1563340794, 0, 1584, 2127, 1906, 88, 5.14%, 0, 0, 4, 136.61
1563340799, 0, 1657, 2127, 1886, 72, 5.14%, 0, 0, 4, 129.92
1563340805, 0, 1689, 2127, 1882, 68, 5.14%, 0, 0, 4, 112.16
1563340810, 0, 1721, 2127, 1881, 68, 5.14%, 0, 0, 4, 112.92
1563340815, 0, 1725, 2127, 1880, 67, 5.14%, 0, 0, 4, 125.59
1563340820, 0, 1817, 2127, 1872, 59, 5.14%, 0, 0, 4, 131.76
1563340825, 0, 1851, 2127, 1866, 53, 5.14%, 0, 0, 4, 132.55
1563341115, 0, 1851, 2163, 1901, 52, 5.18%, 0, 0, 4, 108.23
1563341120, 0, 1851, 2220, 1958, 52, 5.20%, 0, 0, 4, 104.86
1563341125, 0, 1851, 2267, 2005, 52, 5.20%, 0, 0, 4, 94.47
1563341130, 0, 1855, 2278, 2016, 71, 5.20%, 0, 0, 4, 85.53
1563341135, 0, 1883, 2278, 2013, 68, 5.20%, 0, 0, 4, 117.00
1563341141, 0, 1941, 2278, 2008, 64, 5.20%, 0, 0, 4, 112.09
1563341151, 0, 2010, 2278, 2004, 60, 5.20%, 0, 0, 4, 119.76
1563341156, 0, 2019, 2278, 2003, 58, 5.20%, 0, 0, 4, 102.87
1563341171, 0, 2024, 2278, 2002, 57, 5.20%, 0, 0, 4, 67.24
1563341176, 0, 2032, 2278, 2000, 55, 5.20%, 0, 0, 4, 132.20
1563341181, 0, 2045, 2278, 1998, 53, 5.20%, 0, 0, 4, 137.56
1563341186, 0, 2057, 2278, 1993, 49, 5.20%, 0, 0, 4, 134.83
1563341197, 0, 2057, 2279, 1994, 49, 5.20%, 0, 0, 4, 117.74
1563341457, 0, 2057, 2279, 1994, 49, 5.20%, 0, 1, 4, 114.70
1563341917, 0, 2057, 2279, 1994, 49, 5.20%, 0, 2, 4, 110.61
1563341943, 0, 2057, 2279, 1994, 49, 5.20%, 0, 3, 4, 126.14
1563341948, 0, 2106, 2279, 1989, 45, 5.20%, 0, 3, 4, 131.66
1563341953, 0, 2127, 2279, 1983, 39, 5.20%, 0, 3, 4, 143.58
1563341958, 0, 2140, 2279, 1981, 37, 5.20%, 0, 3, 4, 136.38
1563341963, 0, 2143, 2279, 1980, 36, 5.20%, 0, 3, 4, 127.81
1563342373, 0, 2143, 2280, 1981, 36, 5.20%, 0, 3, 4, 132.83
1563342394, 0, 2145, 2280, 1980, 34, 5.20%, 0, 3, 4, 124.11
1563342399, 0, 2160, 2280, 1979, 33, 5.20%, 0, 3, 4, 101.67
1563342405, 0, 2162, 2280, 1978, 32, 5.20%, 0, 3, 4, 140.84
1563342410, 0, 2163, 2280, 1977, 31, 5.20%, 0, 3, 4, 132.38
1563342415, 0, 2183, 2280, 1972, 28, 5.20%, 0, 3, 4, 132.89
1563342461, 0, 2183, 2281, 1973, 28, 5.20%, 0, 3, 4, 126.51
1563342614, 0, 2191, 2281, 1971, 28, 5.20%, 0, 3, 4, 124.63
1563342620, 0, 2199, 2281, 1968, 25, 5.20%, 0, 3, 4, 136.53
1563342625, 0, 2209, 2281, 1963, 20, 5.20%, 0, 3, 4, 139.60
1563342630, 0, 2236, 2281, 1959, 16, 5.20%, 0, 3, 4, 97.65
1563343428, 0, 2267, 2281, 1953, 10, 5.20%, 0, 3, 4, 125.23
1563343775, 0, 2267, 2296, 1967, 9, 5.27%, 0, 3, 4, 118.56
1563343780, 0, 2267, 2349, 2020, 9, 5.29%, 0, 3, 4, 100.13
1563343785, 0, 2267, 2398, 2069, 9, 5.29%, 0, 3, 4, 95.40
1563343790, 0, 2267, 2446, 2117, 9, 5.30%, 0, 3, 4, 89.83
1563343795, 0, 2267, 2497, 2168, 9, 5.30%, 0, 3, 4, 92.68
1563343800, 0, 2267, 2546, 2217, 9, 5.30%, 0, 3, 4, 89.54
1563343806, 0, 2267, 2583, 2254, 9, 5.30%, 0, 3, 4, 87.52
1563343811, 0, 2267, 2591, 2262, 9, 5.30%, 0, 3, 4, 87.64
1563343816, 0, 2267, 2595, 2266, 9, 5.30%, 0, 3, 4, 83.03
1563343821, 0, 2275, 2595, 2265, 76, 5.30%, 0, 3, 4, 111.99
1563343836, 0, 2278, 2595, 2264, 75, 5.30%, 0, 3, 4, 119.09
1563343841, 0, 2288, 2595, 2261, 72, 5.30%, 0, 3, 4, 138.91
1563343846, 0, 2300, 2595, 2258, 69, 5.30%, 0, 3, 4, 119.85
1563343857, 0, 2301, 2595, 2257, 68, 5.30%, 0, 3, 4, 115.32
1563343862, 0, 2302, 2595, 2256, 67, 5.30%, 0, 3, 4, 117.08
1563343867, 0, 2304, 2595, 2255, 66, 5.30%, 0, 3, 4, 112.47
1563343877, 0, 2306, 2595, 2254, 65, 5.30%, 0, 3, 4, 94.45
1563343887, 0, 2320, 2595, 2250, 61, 5.30%, 0, 3, 4, 115.32
1563343898, 0, 2346, 2595, 2247, 58, 5.30%, 0, 3, 4, 130.72
1563343903, 0, 2362, 2595, 2244, 55, 5.30%, 0, 3, 4, 125.41
1563343908, 0, 2366, 2595, 2242, 53, 5.30%, 0, 3, 4, 137.91
1563343913, 0, 2380, 2595, 2240, 51, 5.30%, 0, 3, 4, 75.66
1563343923, 0, 2382, 2595, 2239, 50, 5.30%, 0, 3, 4, 103.77
1563343928, 0, 2383, 2595, 2238, 49, 5.30%, 0, 3, 4, 117.99
1563343933, 0, 2404, 2595, 2235, 46, 5.30%, 0, 3, 4, 104.52
1563343944, 0, 2414, 2595, 2232, 43, 5.30%, 0, 3, 4, 115.46
1563343954, 0, 2427, 2595, 2231, 42, 5.30%, 0, 3, 4, 103.14
1563343959, 0, 2441, 2595, 2228, 39, 5.30%, 0, 3, 4, 118.96
1563343969, 0, 2453, 2595, 2227, 38, 5.30%, 0, 3, 4, 118.72
1563343974, 0, 2456, 2595, 2225, 36, 5.30%, 0, 3, 4, 110.46
1563343979, 0, 2461, 2595, 2224, 35, 5.30%, 0, 3, 4, 105.26
1563344000, 0, 2477, 2595, 2223, 34, 5.30%, 0, 3, 4, 78.79
1563344015, 0, 2482, 2595, 2221, 32, 5.30%, 0, 3, 4, 107.97
1563344020, 0, 2483, 2595, 2220, 31, 5.30%, 0, 3, 4, 106.55
1563344030, 0, 2495, 2595, 2218, 29, 5.30%, 0, 3, 4, 82.28
1563344046, 0, 2498, 2595, 2217, 28, 5.30%, 0, 3, 4, 120.49
1563344051, 0, 2501, 2595, 2215, 26, 5.30%, 0, 3, 4, 91.56
1563344056, 0, 2502, 2595, 2214, 25, 5.30%, 0, 3, 4, 100.93
1563344061, 0, 2503, 2595, 2213, 24, 5.30%, 0, 3, 4, 110.62
1563344066, 0, 2521, 2595, 2212, 23, 5.30%, 0, 3, 4, 102.60
1563344076, 0, 2521, 2597, 2214, 23, 5.30%, 0, 3, 4, 118.46
1563344600, 0, 2560, 2597, 2209, 19, 5.30%, 0, 3, 4, 24.71
1563344661, 0, 2566, 2597, 2206, 17, 5.30%, 0, 3, 4, 95.07
1563344666, 0, 2568, 2597, 2205, 16, 5.30%, 0, 3, 4, 118.15
1563344671, 0, 2570, 2597, 2204, 15, 5.30%, 0, 3, 4, 77.01
1563344687, 0, 2573, 2597, 2203, 14, 5.30%, 0, 3, 4, 121.42
1563344692, 0, 2578, 2597, 2202, 13, 5.30%, 0, 3, 4, 123.94
1563344697, 0, 2587, 2597, 2200, 11, 5.30%, 0, 3, 4, 80.58
1563346996, 0, 2591, 2597, 2198, 9, 5.30%, 0, 3, 4, 107.00
1563349295, 0, 2592, 2597, 2197, 8, 5.30%, 0, 3, 4, 115.06
1563349458, 0, 2592, 2598, 2198, 8, 5.30%, 0, 3, 4, 101.15
1563353416, 0, 2595, 2598, 2197, 8, 5.30%, 0, 3, 4, 108.97
1563353426, 0, 2595, 2599, 2198, 8, 5.30%, 0, 3, 4, 112.72
1563354008, 0, 2595, 2627, 2225, 7, 5.34%, 0, 3, 4, 81.02
1563354013, 0, 2595, 2666, 2264, 7, 5.38%, 0, 3, 4, 71.68
1563354018, 0, 2595, 2711, 2309, 7, 5.38%, 0, 3, 4, 78.37
1563354023, 0, 2595, 2747, 2345, 7, 5.38%, 0, 3, 4, 70.27
1563354028, 0, 2595, 2792, 2390, 7, 5.38%, 0, 3, 4, 77.57
1563354033, 0, 2595, 2837, 2435, 7, 5.38%, 0, 3, 4, 77.34
1563354038, 0, 2595, 2872, 2470, 7, 5.38%, 0, 3, 4, 69.01
1563354043, 0, 2595, 2908, 2506, 7, 5.39%, 0, 3, 4, 67.21
1563354048, 0, 2595, 2946, 2544, 7, 5.39%, 0, 3, 4, 69.01
1563354053, 0, 2595, 2990, 2588, 7, 5.39%, 0, 3, 4, 78.65
1563354059, 0, 2595, 3034, 2632, 7, 5.39%, 0, 3, 4, 83.75
1563354064, 0, 2595, 3050, 2648, 7, 5.39%, 0, 3, 4, 77.19
1563354074, 0, 2595, 3051, 2649, 7, 5.39%, 0, 3, 4, 69.60
1563354079, 0, 2602, 3051, 2649, 100, 5.39%, 0, 3, 4, 81.22
1563354084, 0, 2614, 3051, 2646, 97, 5.39%, 0, 3, 4, 87.70
1563354094, 0, 2615, 3051, 2645, 96, 5.39%, 0, 3, 4, 107.05
1563354099, 0, 2628, 3051, 2642, 93, 5.39%, 0, 3, 4, 124.43
1563354105, 0, 2652, 3051, 2639, 90, 5.39%, 0, 3, 4, 118.16
1563354520, 0, 2652, 3052, 2640, 90, 5.39%, 0, 3, 4, 140.62
1563354596, 0, 2652, 3053, 2641, 90, 5.39%, 0, 3, 4, 99.85
1563354627, 0, 2659, 3053, 2640, 90, 5.39%, 0, 3, 4, 114.50
1563354642, 0, 2661, 3053, 2639, 89, 5.39%, 0, 3, 4, 105.89
1563354647, 0, 2669, 3053, 2637, 87, 5.39%, 0, 3, 4, 111.18
1563354652, 0, 2670, 3053, 2636, 86, 5.39%, 0, 3, 4, 110.40
1563354663, 0, 2674, 3053, 2635, 85, 5.39%, 0, 3, 4, 83.40
1563354683, 0, 2683, 3053, 2633, 83, 5.39%, 0, 3, 4, 99.96
1563354693, 0, 2697, 3053, 2629, 79, 5.39%, 0, 3, 4, 120.56
1563354698, 0, 2717, 3053, 2625, 77, 5.39%, 0, 3, 4, 122.85
1563354781, 0, 2717, 3054, 2626, 77, 5.39%, 0, 3, 4, 90.62
1563356331, 0, 2733, 3054, 2624, 76, 5.39%, 0, 3, 4, 91.44
1563365358, 0, 2736, 3054, 2622, 74, 5.39%, 0, 3, 4, 93.50
1563365393, 0, 2737, 3054, 2621, 73, 5.39%, 0, 3, 4, 63.18
1563365403, 0, 2753, 3054, 2620, 72, 5.39%, 0, 3, 4, 114.67
1563365419, 0, 2758, 3054, 2619, 71, 5.39%, 0, 3, 4, 86.15
1563365434, 0, 2762, 3054, 2617, 69, 5.39%, 0, 3, 4, 94.99
1563365455, 0, 2769, 3054, 2615, 67, 5.39%, 0, 3, 4, 110.14
1563365460, 0, 2772, 3054, 2614, 66, 5.39%, 0, 3, 4, 74.69
1563375022, 0, 2775, 3054, 2613, 65, 5.39%, 0, 3, 4, 45.04
1563375032, 0, 2777, 3054, 2612, 65, 5.39%, 0, 3, 4, 78.51
1563375048, 0, 2778, 3054, 2611, 64, 5.39%, 0, 3, 4, 109.67
1563375053, 0, 2786, 3054, 2609, 61, 5.39%, 0, 3, 4, 112.68
1563375063, 0, 2792, 3054, 2608, 60, 5.39%, 0, 3, 4, 60.79
1563375098, 0, 2812, 3054, 2604, 56, 5.39%, 0, 3, 4, 78.71
1563375119, 0, 2830, 3054, 2602, 54, 5.39%, 0, 3, 4, 100.54
1563375124, 0, 2832, 3054, 2601, 53, 5.39%, 0, 3, 4, 92.24
1563375149, 0, 2846, 3054, 2600, 52, 5.39%, 0, 3, 4, 91.16
1563375155, 0, 2867, 3054, 2597, 50, 5.39%, 0, 3, 4, 97.04
1563375175, 0, 2870, 3054, 2595, 48, 5.39%, 0, 3, 4, 73.48
1563382669, 0, 2878, 3054, 2593, 46, 5.39%, 0, 3, 4, 59.74
1563382674, 0, 2882, 3054, 2592, 45, 5.39%, 0, 3, 4, 80.61
1563382679, 0, 2885, 3054, 2591, 44, 5.39%, 0, 3, 4, 113.88
1563382684, 0, 2890, 3054, 2589, 42, 5.39%, 0, 3, 4, 109.70
1563382695, 0, 2891, 3054, 2588, 41, 5.39%, 0, 3, 4, 61.38
1563382710, 0, 2893, 3054, 2587, 41, 5.39%, 0, 3, 4, 82.37
1563382715, 0, 2896, 3054, 2586, 40, 5.39%, 0, 3, 4, 84.66
1563382720, 0, 2901, 3054, 2585, 39, 5.39%, 0, 3, 4, 78.54
1563382736, 0, 2907, 3054, 2584, 38, 5.39%, 0, 3, 4, 96.62
1563382741, 0, 2913, 3054, 2583, 38, 5.39%, 0, 3, 4, 112.64
1563382746, 0, 2923, 3054, 2580, 35, 5.39%, 0, 3, 4, 109.93
1563382756, 0, 2943, 3054, 2578, 33, 5.39%, 0, 3, 4, 96.35
1563382761, 0, 2949, 3054, 2576, 31, 5.39%, 0, 3, 4, 79.38
1563382766, 0, 2953, 3054, 2575, 30, 5.39%, 0, 3, 4, 78.17
1563382787, 0, 2959, 3054, 2573, 28, 5.39%, 0, 3, 4, 114.39
1563382792, 0, 2963, 3054, 2572, 27, 5.39%, 0, 3, 4, 94.76
1563382798, 0, 2967, 3054, 2570, 25, 5.39%, 0, 3, 4, 102.48
1563382803, 0, 2990, 3054, 2568, 23, 5.39%, 0, 3, 4, 91.83
1563382818, 0, 2999, 3054, 2566, 21, 5.39%, 0, 3, 4, 86.85
1563382823, 0, 3001, 3054, 2565, 20, 5.39%, 0, 3, 4, 103.17
1563382838, 0, 3003, 3054, 2564, 19, 5.39%, 0, 3, 4, 85.50
1563382859, 0, 3005, 3054, 2563, 18, 5.39%, 0, 3, 4, 88.92
1563382864, 0, 3010, 3054, 2562, 17, 5.39%, 0, 3, 4, 112.34
1563382870, 0, 3014, 3054, 2560, 15, 5.39%, 0, 3, 4, 126.98
1563382880, 0, 3019, 3054, 2558, 13, 5.39%, 0, 3, 4, 122.45
1563383198, 0, 3023, 3054, 2557, 12, 5.39%, 0, 3, 4, 113.82
1563383214, 0, 3032, 3054, 2555, 11, 5.39%, 0, 3, 4, 121.02
1563383469, 0, 3032, 3086, 2586, 11, 5.46%, 0, 3, 4, 110.88
1563383475, 0, 3032, 3138, 2638, 11, 5.46%, 0, 3, 4, 98.78
1563383480, 0, 3032, 3182, 2682, 11, 5.47%, 0, 3, 4, 82.56
1563383485, 0, 3032, 3222, 2722, 11, 5.48%, 0, 3, 4, 73.56
1563383490, 0, 3032, 3276, 2776, 11, 5.48%, 0, 3, 4, 92.64
1563383495, 0, 3032, 3322, 2822, 11, 5.48%, 0, 3, 4, 88.54
1563383500, 0, 3032, 3365, 2865, 11, 5.48%, 0, 3, 4, 81.99
1563383505, 0, 3032, 3407, 2907, 11, 5.48%, 0, 3, 4, 86.82
1563383510, 0, 3032, 3412, 2912, 11, 5.48%, 0, 3, 4, 69.47
1563383516, 0, 3032, 3414, 2914, 11, 5.48%, 0, 3, 4, 75.96
1563383521, 0, 3050, 3414, 2913, 117, 5.48%, 0, 3, 4, 69.06
1563383597, 0, 3055, 3414, 2911, 114, 5.48%, 0, 3, 4, 65.59
1563383603, 0, 3057, 3414, 2910, 113, 5.48%, 0, 3, 4, 85.03
1563383628, 0, 3059, 3414, 2909, 112, 5.48%, 0, 3, 4, 74.43
1563383638, 0, 3072, 3414, 2907, 110, 5.48%, 0, 3, 4, 87.21
